"abbrev","fips","sector","year","ft_gp","ft_ug","pt_gp","pt_ug","tot_gp","tot_ug","tot_all"
"AL",1,1,"1980",7571,68795,8861,14823,16432,83618,100050
"AL",1,1,"1984",6636,66415,7867,17870,14503,84285,98788
"AL",1,1,"1985",7058,66468,8846,18667,15904,85135,101039
"AL",1,1,"1986",6963,66844,8554,16705,15517,83549,99066
"AL",1,1,"1987",7339,68019,9132,17319,16471,85338,101809
"AL",1,1,"1988",8214,72895,9941,20967,18155,93862,112017
"AL",1,1,"1989",8517,76855,11079,20038,19596,96893,116489
"AL",1,1,"1990",9010,78129,11095,20945,20105,99074,119179
"AL",1,1,"1991",9636,80159,11005,21722,20641,101881,122522
"AL",1,1,"1992",9889,78952,10448,22578,20337,101530,121867
"AL",1,1,"1993",10367,77977,11272,22765,21639,100742,122381
"AL",1,1,"1994",10522,76272,12318,21193,22840,97465,120305
"AL",1,1,"1995",10981,77132,12002,20730,22983,97862,120845
"AL",1,1,"1996",10795,75972,11248,19478,22043,95450,117493
"AL",1,1,"1997",11130,75962,10629,18923,21759,94885,116644
"AL",1,1,"1998",11605,76302,10724,19241,22329,95543,117872
"AL",1,1,"1999",6866,76273,7977,20746,14843,97019,111862
"AL",1,1,"2000",13628,75593,12859,21522,26487,97115,123602
"AL",1,1,"2001",13381,77341,13686,22184,27067,99525,126592
"AL",1,1,"2002",14930,80595,14425,23237,29355,103832,133187
"AL",1,1,"2003",15425,85230,15639,21864,31064,107094,138158
"AL",1,1,"2004",16757,86794,16012,22524,32769,109318,142087
"AL",1,1,"2005",16285,88240,17115,28112,33400,116352,149752
"AL",1,1,"2006",16150,91077,17885,28745,34035,119822,153857
"AL",1,1,"2007",16941,94336,17818,29488,34759,123824,158583
"AL",1,1,"2008",18465,96250,17133,29683,35598,125933,161531
"AL",1,1,"2009",17088,100142,19544,29647,36632,129789,166421
"AL",1,1,"2010",18782,103038,17486,29963,36268,133001,169269
"AL",1,1,"2011",18935,102525,16945,28944,35880,131469,167349
"AL",1,1,"2012",18472,102921,16038,27339,34510,130260,164770
"AL",1,1,"2013",18740,102701,15875,26344,34615,129045,163660
"AL",1,1,"2014",19790,104645,14741,25271,34531,129916,164447
"AK",2,1,"1980",249,3212,619,4491,868,7703,8571
"AK",2,1,"1984",393,4977,1095,4795,1488,9772,11260
"AK",2,1,"1985",401,5219,1117,3786,1518,9005,10523
"AK",2,1,"1986",424,5474,1041,3639,1465,9113,10578
"AK",2,1,"1987",433,5388,636,4884,1069,10272,11341
"AK",2,1,"1988",336,8182,494,13103,830,21285,22115
"AK",2,1,"1989",397,9071,542,16264,939,25335,26274
"AK",2,1,"1990",434,9455,625,17278,1059,26733,27792
"AK",2,1,"1991",498,10102,638,17781,1136,27883,29019
"AK",2,1,"1992",574,10472,732,16673,1306,27145,28451
"AK",2,1,"1993",614,10723,743,16028,1357,26751,28108
"AK",2,1,"1994",690,10928,702,14717,1392,25645,27037
"AK",2,1,"1995",779,10512,711,15554,1490,26066,27556
"AK",2,1,"1996",719,10359,647,15352,1366,25711,27077
"AK",2,1,"1997",795,10053,568,14551,1363,24604,25967
"AK",2,1,"1998",748,9730,519,14433,1267,24163,25430
"AK",2,1,"1999",750,9408,658,14126,1408,23534,24942
"AK",2,1,"2000",791,9466,732,14407,1523,23873,25396
"AK",2,1,"2001",777,9905,780,14027,1557,23932,25489
"AK",2,1,"2002",905,10326,913,14830,1818,25156,26974
"AK",2,1,"2003",935,10940,1020,15716,1955,26656,28611
"AK",2,1,"2004",978,11322,1111,14918,2089,26240,28329
"AK",2,1,"2005",983,11235,1124,14423,2107,25658,27765
"AK",2,1,"2006",941,11248,1226,14099,2167,25347,27514
"AK",2,1,"2007",935,11160,1255,14683,2190,25843,28033
"AK",2,1,"2008",934,11231,1424,14589,2358,25820,28178
"AK",2,1,"2009",970,11950,1584,15169,2554,27119,29673
"AK",2,1,"2010",1003,12392,1658,16414,2661,28806,31467
"AK",2,1,"2011",1015,12791,1603,15775,2618,28566,31184
"AK",2,1,"2012",985,12449,1576,14827,2561,27276,29837
"AK",2,1,"2013",922,12154,1589,14860,2511,27014,29525
"AK",2,1,"2014",874,11739,1430,14717,2304,26456,28760
"AZ",4,1,"1980",7222,49760,12436,13287,19658,63047,82705
"AZ",4,1,"1984",7450,49834,12891,14456,20341,64290,84631
"AZ",4,1,"1985",7653,50114,13256,14291,20909,64405,85314
"AZ",4,1,"1986",7979,51894,13383,15107,21362,67001,88363
"AZ",4,1,"1987",8029,53407,14032,15536,22061,68943,91004
"AZ",4,1,"1988",8076,56164,14601,15936,22677,72100,94777
"AZ",4,1,"1989",8372,58562,14479,15376,22851,73938,96789
"AZ",4,1,"1990",10372,58115,12656,16145,23028,74260,97288
"AZ",4,1,"1991",11033,57162,12760,16148,23793,73310,97103
"AZ",4,1,"1992",11649,57272,13281,16696,24930,73968,98898
"AZ",4,1,"1993",12172,56340,12507,16628,24679,72968,97647
"AZ",4,1,"1994",12588,59046,13605,18210,26193,77256,103449
"AZ",4,1,"1995",12633,59413,13789,17662,26422,77075,103497
"AZ",4,1,"1996",12844,60460,13193,17722,26037,78182,104219
"AZ",4,1,"1997",12895,61484,13054,17733,25949,79217,105166
"AZ",4,1,"1998",12891,61993,13306,17627,26197,79620,105817
"AZ",4,1,"1999",3489,62656,5697,18220,9186,80876,90062
"AZ",4,1,"2000",13223,63071,13011,18249,26234,81320,107554
"AZ",4,1,"2001",13871,66336,12953,17900,26824,84236,111060
"AZ",4,1,"2002",14479,68613,13172,19427,27651,88040,115691
"AZ",4,1,"2003",14483,71273,12244,19338,26727,90611,117338
"AZ",4,1,"2004",14731,73801,11318,18656,26049,92457,118506
"AZ",4,1,"2005",15415,75602,10935,19893,26350,95495,121845
"AZ",4,1,"2006",15536,75398,11652,28662,27188,104060,131248
"AZ",4,1,"2007",15768,76957,11588,31400,27356,108357,135713
"AZ",4,1,"2008",16387,83624,11457,17700,27844,101324,129168
"AZ",4,1,"2009",17118,88995,10387,15863,27505,104858,132363
"AZ",4,1,"2010",17860,91921,9520,17455,27380,109376,136756
"AZ",4,1,"2011",17833,96180,9201,15656,27034,111836,138870
"AZ",4,1,"2012",17529,97690,9348,16995,26877,114685,141562
"AZ",4,1,"2013",18577,100179,9454,17199,28031,117378,145409
"AZ",4,1,"2014",19114,104884,10274,20417,29388,125301,154689
"AR",5,1,"1980",3691,39940,4171,10605,7862,50545,58407
"AR",5,1,"1984",3025,38308,4984,11646,8009,49954,57963
"AR",5,1,"1985",2948,37985,5231,11181,8179,49166,57345
"AR",5,1,"1986",3025,38227,4857,11933,7882,50160,58042
"AR",5,1,"1987",2977,39242,3873,11608,6850,50850,57700
"AR",5,1,"1988",3006,40896,3840,11916,6846,52812,59658
"AR",5,1,"1989",3186,43393,4205,12789,7391,56182,63573
"AR",5,1,"1990",3442,45237,4271,13624,7713,58861,66574
"AR",5,1,"1991",3629,46310,4790,14233,8419,60543,68962
"AR",5,1,"1992",3707,47951,5143,15275,8850,63226,72076
"AR",5,1,"1993",4061,47322,4895,14994,8956,62316,71272
"AR",5,1,"1994",3977,45871,4881,15132,8858,61003,69861
"AR",5,1,"1995",3934,45082,5479,13653,9413,58735,68148
"AR",5,1,"1996",3984,44554,5595,13377,9579,57931,67510
"AR",5,1,"1997",4079,44622,5336,13542,9415,58164,67579
"AR",5,1,"1998",4264,45097,5312,13435,9576,58532,68108
"AR",5,1,"1999",2390,45832,2485,13503,4875,59335,64210
"AR",5,1,"2000",4389,46236,5708,12893,10097,59129,69226
"AR",5,1,"2001",4276,47985,5424,13765,9700,61750,71450
"AR",5,1,"2002",4472,49491,5456,13334,9928,62825,72753
"AR",5,1,"2003",4858,51601,5704,13550,10562,65151,75713
"AR",5,1,"2004",5078,52672,6064,14043,11142,66715,77857
"AR",5,1,"2005",5332,53814,6410,14790,11742,68604,80346
"AR",5,1,"2006",5606,54538,7035,15256,12641,69794,82435
"AR",5,1,"2007",5650,54791,7482,16371,13132,71162,84294
"AR",5,1,"2008",5658,56355,8044,16091,13702,72446,86148
"AR",5,1,"2009",5957,58675,8326,16947,14283,75622,89905
"AR",5,1,"2010",6154,60660,9532,17649,15686,78309,93995
"AR",5,1,"2011",6212,62171,9732,18368,15944,80539,96483
"AR",5,1,"2012",6182,62789,9719,18690,15901,81479,97380
"AR",5,1,"2013",6344,62942,9701,18718,16045,81660,97705
"AR",5,1,"2014",6378,62171,9718,19719,16096,81890,97986
"CA",6,1,"1980",54454,266336,64984,84948,119438,351284,470722
"CA",6,1,"1984",54245,283233,46655,80086,100900,363319,464219
"CA",6,1,"1985",54333,283200,46645,80086,100978,363286,464264
"CA",6,1,"1986",56036,293588,53580,85876,109616,379464,489080
"CA",6,1,"1987",55451,300660,55407,91145,110858,391805,502663
"CA",6,1,"1988",60197,296160,43346,86095,103543,382255,485798
"CA",6,1,"1989",61294,301435,45416,86223,106710,387658,494368
"CA",6,1,"1990",68341,324619,51913,93665,120254,418284,538538
"CA",6,1,"1991",69937,318462,51034,93380,120971,411842,532813
"CA",6,1,"1992",66495,317127,47428,85889,113923,403016,516939
"CA",6,1,"1993",66013,306286,41047,78956,107060,385242,492302
"CA",6,1,"1994",65626,305137,38508,75864,104134,381001,485135
"CA",6,1,"1995",66343,312393,38137,75136,104480,387529,492009
"CA",6,1,"1996",68408,323124,39465,75575,107873,398699,506572
"CA",6,1,"1997",70212,329377,41582,75366,111794,404743,516537
"CA",6,1,"1998",69638,335622,44161,75107,113799,410729,524528
"CA",6,1,"1999",42420,346101,43021,75039,85441,421140,506581
"CA",6,1,"2000",73241,354704,46216,77710,119457,432414,551871
"CA",6,1,"2001",74254,377009,46959,82244,121213,459253,580466
"CA",6,1,"2002",81312,394920,50139,83630,131451,478550,610001
"CA",6,1,"2003",81835,402877,47272,82653,129107,485530,614637
"CA",6,1,"2004",78887,404037,42622,76502,121509,480539,602048
"CA",6,1,"2005",77587,415216,41069,77810,118656,493026,611682
"CA",6,1,"2006",79420,430162,39086,80242,118506,510404,628910
"CA",6,1,"2007",82027,448840,39161,80463,121188,529303,650491
"CA",6,1,"2008",82753,461893,39214,76412,121967,538305,660272
"CA",6,1,"2009",83626,464962,37796,75961,121422,540923,662345
"CA",6,1,"2010",81215,465021,33996,64131,115211,529152,644363
"CA",6,1,"2011",79808,487008,31489,62569,111297,549577,660874
"CA",6,1,"2012",79057,501451,29783,62630,108840,564081,672921
"CA",6,1,"2013",79637,518031,27893,62405,107530,580436,687966
"CA",6,1,"2014",81259,536255,28339,63447,109598,599702,709300
"CO",8,1,"1980",9066,71621,5418,19108,14484,90729,105213
"CO",8,1,"1984",9026,70300,6944,25775,15970,96075,112045
"CO",8,1,"1985",9383,69344,6778,21810,16161,91154,107315
"CO",8,1,"1986",7328,70429,11888,27857,19216,98286,117502
"CO",8,1,"1987",11454,71671,7622,28655,19076,100326,119402
"CO",8,1,"1988",10081,74213,3967,28898,14048,103111,117159
"CO",8,1,"1989",11488,73618,4049,28076,15537,101694,117231
"CO",8,1,"1990",7672,81754,19330,32170,27002,113924,140926
"CO",8,1,"1991",8079,82676,20500,32582,28579,115258,143837
"CO",8,1,"1992",8231,82988,19632,32526,27863,115514,143377
"CO",8,1,"1993",8208,82631,19586,32930,27794,115561,143355
"CO",8,1,"1994",8151,82101,19619,34078,27770,116179,143949
"CO",8,1,"1995",8497,82128,19956,32436,28453,114564,143017
"CO",8,1,"1996",8457,83052,18571,32377,27028,115429,142457
"CO",8,1,"1997",8315,84810,20519,32492,28834,117302,146136
"CO",8,1,"1998",8272,85972,20499,32292,28771,118264,147035
"CO",8,1,"1999",4586,87644,13909,31814,18495,119458,137953
"CO",8,1,"2000",8011,88393,20807,30289,28818,118682,147500
"CO",8,1,"2001",8081,91705,19981,32288,28062,123993,152055
"CO",8,1,"2002",8713,94911,23701,30071,32414,124982,157396
"CO",8,1,"2003",9072,97104,23202,30264,32274,127368,159642
"CO",8,1,"2004",8742,99770,23231,30311,31973,130081,162054
"CO",8,1,"2005",9781,100540,24776,29754,34557,130294,164851
"CO",8,1,"2006",9822,100430,23598,30127,33420,130557,163977
"CO",8,1,"2007",9942,100247,18848,30011,28790,130258,159048
"CO",8,1,"2008",11067,102002,19691,30423,30758,132425,163183
"CO",8,1,"2009",12211,106792,19779,30224,31990,137016,169006
"CO",8,1,"2010",13061,108594,20192,32754,33253,141348,174601
"CO",8,1,"2011",13131,109678,19371,31674,32502,141352,173854
"CO",8,1,"2012",13440,110402,20053,34875,33493,145277,178770
"CO",8,1,"2013",13664,111888,20898,35221,34562,147109,181671
"CO",8,1,"2014",14190,111870,21215,35566,35405,147436,182841
"CT",9,1,"1980",3740,32492,9976,10020,13716,42512,56228
"CT",9,1,"1984",3673,32842,9447,12669,13120,45511,58631
"CT",9,1,"1985",3764,32118,10208,12032,13972,44150,58122
"CT",9,1,"1986",3975,32153,10389,12739,14364,44892,59256
"CT",9,1,"1987",4013,33450,11101,13828,15114,47278,62392
"CT",9,1,"1988",4139,34501,11575,14670,15714,49171,64885
"CT",9,1,"1989",4136,34388,11872,15417,16008,49805,65813
"CT",9,1,"1990",4229,34300,11388,15544,15617,49844,65461
"CT",9,1,"1991",4334,33251,11012,15417,15346,48668,64014
"CT",9,1,"1992",4473,32402,10727,15034,15200,47436,62636
"CT",9,1,"1993",4750,31407,10430,13780,15180,45187,60367
"CT",9,1,"1994",4791,30165,10277,13042,15068,43207,58275
"CT",9,1,"1995",4958,29831,10299,12983,15257,42814,58071
"CT",9,1,"1996",5042,29676,10022,12120,15064,41796,56860
"CT",9,1,"1997",4701,29693,9846,10807,14547,40500,55047
"CT",9,1,"1998",4359,30737,9815,11676,14174,42413,56587
"CT",9,1,"1999",1675,32538,6905,11689,8580,44227,52807
"CT",9,1,"2000",4487,34284,9872,11958,14359,46242,60601
"CT",9,1,"2001",4544,36076,9318,11912,13862,47988,61850
"CT",9,1,"2002",5122,37518,9611,11885,14733,49403,64136
"CT",9,1,"2003",5609,38275,9232,11049,14841,49324,64165
"CT",9,1,"2004",5656,39963,9049,10452,14705,50415,65120
"CT",9,1,"2005",5877,40970,8762,10389,14639,51359,65998
"CT",9,1,"2006",5775,42082,8727,9911,14502,51993,66495
"CT",9,1,"2007",5907,42896,8257,9054,14164,51950,66114
"CT",9,1,"2008",5988,44163,8148,9435,14136,53598,67734
"CT",9,1,"2009",6625,45065,8205,9177,14830,54242,69072
"CT",9,1,"2010",6760,45961,7900,9337,14660,55298,69958
"CT",9,1,"2011",6806,46345,7345,9362,14151,55707,69858
"CT",9,1,"2012",6771,45546,6700,8674,13471,54220,67691
"CT",9,1,"2013",6861,45280,6381,8496,13242,53776,67018
"CT",9,1,"2014",7083,45704,6579,8679,13662,54383,68045
"DE",10,1,"1980",1064,14740,862,4671,1926,19411,21337
"DE",10,1,"1984",1075,14311,1031,3875,2106,18186,20292
"DE",10,1,"1985",1165,14533,1045,3709,2210,18242,20452
"DE",10,1,"1986",1183,14576,1141,4058,2324,18634,20958
"DE",10,1,"1987",1238,14831,1204,4183,2442,19014,21456
"DE",10,1,"1988",1273,15500,1248,4307,2521,19807,22328
"DE",10,1,"1989",1410,15803,1333,4534,2743,20337,23080
"DE",10,1,"1990",1486,15855,1339,4744,2825,20599,23424
"DE",10,1,"1991",1606,16102,1319,4718,2925,20820,23745
"DE",10,1,"1992",1653,16164,1433,4822,3086,20986,24072
"DE",10,1,"1993",1749,16541,1584,5162,3333,21703,25036
"DE",10,1,"1994",1798,16608,1685,4875,3483,21483,24966
"DE",10,1,"1995",1774,16169,1723,4874,3497,21043,24540
"DE",10,1,"1996",1796,16520,1788,4604,3584,21124,24708
"DE",10,1,"1997",1852,16570,1661,4403,3513,20973,24486
"DE",10,1,"1998",2256,16985,1136,4125,3392,21110,24502
"DE",10,1,"1999",2299,17180,1058,3828,3357,21008,24365
"DE",10,1,"2000",2238,17074,972,1891,3210,18965,22175
"DE",10,1,"2001",2267,17592,934,3499,3201,21091,24292
"DE",10,1,"2002",2442,17922,966,3326,3408,21248,24656
"DE",10,1,"2003",2486,17935,1001,2877,3487,20812,24299
"DE",10,1,"2004",2595,18199,996,2718,3591,20917,24508
"DE",10,1,"2005",2630,18400,1086,2588,3716,20988,24704
"DE",10,1,"2006",2714,17940,1119,2297,3833,20237,24070
"DE",10,1,"2007",2575,18156,1212,2155,3787,20311,24098
"DE",10,1,"2008",2747,18164,1076,2047,3823,20211,24034
"DE",10,1,"2009",2966,18616,1055,2110,4021,20726,24747
"DE",10,1,"2010",3015,18959,1040,1920,4055,20879,24934
"DE",10,1,"2011",3065,19739,962,1877,4027,21616,25643
"DE",10,1,"2012",3172,20087,929,1992,4101,22079,26180
"DE",10,1,"2013",3180,20431,943,1948,4123,22379,26502
"DE",10,1,"2014",3217,20946,897,2017,4114,22963,27077
"DC",11,1,"1980",194,3855,442,9409,636,13264,13900
"DC",11,1,"1984",244,4497,416,7675,660,12172,12832
"DC",11,1,"1985",227,4250,388,7215,615,11465,12080
"DC",11,1,"1986",244,3953,399,6502,643,10455,11098
"DC",11,1,"1987",273,3108,298,5976,571,9084,9655
"DC",11,1,"1988",251,3634,466,6912,717,10546,11263
"DC",11,1,"1989",344,3821,467,7340,811,11161,11972
"DC",11,1,"1990",350,3961,519,7319,869,11280,12149
"DC",11,1,"1991",462,3622,483,7070,945,10692,11637
"DC",11,1,"1992",474,3750,448,7149,922,10899,11821
"DC",11,1,"1993",515,3658,392,6327,907,9985,10892
"DC",11,1,"1994",479,3535,386,6469,865,10004,10869
"DC",11,1,"1995",407,3306,356,5873,763,9179,9942
"DC",11,1,"1996",384,2484,247,4621,631,7105,7736
"DC",11,1,"1997",280,1630,142,2835,422,4465,4887
"DC",11,1,"1998",252,1669,161,3328,413,4997,5410
"DC",11,1,"1999",254,1589,151,3355,405,4944,5349
"DC",11,1,"2000",238,1699,253,3309,491,5008,5499
"DC",11,1,"2001",204,1751,245,3389,449,5140,5589
"DC",11,1,"2002",215,1803,208,3377,423,5180,5603
"DC",11,1,"2003",251,1900,167,3106,418,5006,5424
"DC",11,1,"2004",286,1935,136,3031,422,4966,5388
"DC",11,1,"2005",316,1966,110,3203,426,5169,5595
"DC",11,1,"2006",326,2460,143,2840,469,5300,5769
"DC",11,1,"2007",360,2436,111,2701,471,5137,5608
"DC",11,1,"2008",366,2622,97,2499,463,5121,5584
"DC",11,1,"2009",363,2182,120,2588,483,4770,5253
"DC",11,1,"2010",391,2314,138,2997,529,5311,5840
"DC",11,1,"2011",427,2210,195,2480,622,4690,5312
"DC",11,1,"2012",377,2003,242,2854,619,4857,5476
"DC",11,1,"2013",408,1986,227,2726,635,4712,5347
"DC",11,1,"2014",380,1902,244,2589,624,4491,5115
"FL",12,1,"1980",12088,145564,14453,117282,26541,262846,289387
"FL",12,1,"1984",10604,142114,12696,169257,23300,311371,334671
"FL",12,1,"1985",11505,138298,19082,137149,30587,275447,306034
"FL",12,1,"1986",12144,147821,20305,183017,32449,330838,363287
"FL",12,1,"1987",12327,153552,19984,194845,32311,348397,380708
"FL",12,1,"1988",13349,163809,20155,197168,33504,360977,394481
"FL",12,1,"1989",14268,180740,22121,234456,36389,415196,451585
"FL",12,1,"1990",15283,177933,22894,242062,38177,419995,458172
"FL",12,1,"1991",16262,197083,23420,230175,39682,427258,466940
"FL",12,1,"1992",17145,196811,22839,239244,39984,436055,476039
"FL",12,1,"1993",17616,196736,23879,244118,41495,440854,482349
"FL",12,1,"1994",18253,200898,25391,248094,43644,448992,492636
"FL",12,1,"1995",18676,203214,25292,247883,43968,451097,495065
"FL",12,1,"1996",19344,204798,25515,248422,44859,453220,498079
"FL",12,1,"1997",19413,210774,24792,248095,44205,458869,503074
"FL",12,1,"1998",20776,212752,23308,244656,44084,457408,501492
"FL",12,1,"1999",9035,224747,13864,238120,22899,462867,485766
"FL",12,1,"2000",24264,224200,23750,252382,48014,476582,524596
"FL",12,1,"2001",25709,241241,23599,265262,49308,506503,555811
"FL",12,1,"2002",27497,264072,24394,266709,51891,530781,582672
"FL",12,1,"2003",28751,278259,25155,274806,53906,553065,606971
"FL",12,1,"2004",29472,286142,25396,271518,54868,557660,612528
"FL",12,1,"2005",30637,290448,25188,265860,55825,556308,612133
"FL",12,1,"2006",32037,295771,25400,262432,57437,558203,615640
"FL",12,1,"2007",33940,309583,26516,274546,60456,584129,644585
"FL",12,1,"2008",34833,317844,27527,288986,62360,606830,669190
"FL",12,1,"2009",36402,344822,27942,304810,64344,649632,713976
"FL",12,1,"2010",37852,360123,27444,317744,65296,677867,743163
"FL",12,1,"2011",38482,363913,26928,326436,65410,690349,755759
"FL",12,1,"2012",39204,356609,26639,337769,65843,694378,760221
"FL",12,1,"2013",38914,352471,26268,335790,65182,688261,753443
"FL",12,1,"2014",39376,345666,25957,342500,65333,688166,753499
"GA",13,1,"1980",7895,65190,11633,24754,19528,89944,109472
"GA",13,1,"1984",9042,70740,10473,28545,19515,99285,118800
"GA",13,1,"1985",9170,70947,10666,27769,19836,98716,118552
"GA",13,1,"1986",9935,71890,10845,29368,20780,101258,122038
"GA",13,1,"1987",10356,74999,11277,30274,21633,105273,126906
"GA",13,1,"1988",10997,78147,10832,32324,21829,110471,132300
"GA",13,1,"1989",11496,82012,11438,34140,22934,116152,139086
"GA",13,1,"1990",12045,84680,11808,36739,23853,121419,145272
"GA",13,1,"1991",13322,89491,11944,39206,25266,128697,153963
"GA",13,1,"1992",13722,92569,12033,40974,25755,133543,159298
"GA",13,1,"1993",14552,94725,12166,41604,26718,136329,163047
"GA",13,1,"1994",15148,96146,12352,40878,27500,137024,164524
"GA",13,1,"1995",15808,99195,12244,40258,28052,139453,167505
"GA",13,1,"1996",15872,99222,12157,38708,28029,137930,165959
"GA",13,1,"1997",16630,101616,11860,36894,28490,138510,167000
"GA",13,1,"1998",13338,98149,13233,38997,26571,137146,163717
"GA",13,1,"1999",7306,98798,8707,39268,16013,138066,154079
"GA",13,1,"2000",14487,100187,14300,39319,28787,139506,168293
"GA",13,1,"2001",15648,105544,14642,40349,30290,145893,176183
"GA",13,1,"2002",17021,113129,15557,41586,32578,154715,187293
"GA",13,1,"2003",18154,119232,16120,43391,34274,162623,196897
"GA",13,1,"2004",17577,122555,15044,42466,32621,165021,197642
"GA",13,1,"2005",17439,126541,14229,41480,31668,168021,199689
"GA",13,1,"2006",18007,131216,14073,41059,32080,172275,204355
"GA",13,1,"2007",19486,136410,14320,40075,33806,176485,210291
"GA",13,1,"2008",20469,144758,15116,40713,35585,185471,221056
"GA",13,1,"2009",22225,157227,14918,41603,37143,198830,235973
"GA",13,1,"2010",22611,164184,14450,43655,37061,207839,244900
"GA",13,1,"2011",22574,166648,14443,46932,37017,213580,250597
"GA",13,1,"2012",22418,166526,13948,48343,36366,214869,251235
"GA",13,1,"2013",24987,187928,14762,57444,39749,245372,285121
"GA",13,1,"2014",25121,189226,16348,57778,41469,247004,288473
"HI",15,1,"1980",2836,15595,2939,3819,5775,19414,25189
"HI",15,1,"1984",2544,15341,2973,4862,5517,20203,25720
"HI",15,1,"1985",2629,14584,3011,4299,5640,18883,24523
"HI",15,1,"1986",2623,13902,2941,5184,5564,19086,24650
"HI",15,1,"1987",2379,13737,2249,5954,4628,19691,24319
"HI",15,1,"1988",2573,13836,2974,5162,5547,18998,24545
"HI",15,1,"1989",2790,14044,3234,5117,6024,19161,25185
"HI",15,1,"1990",2994,14352,3296,5595,6290,19947,26237
"HI",15,1,"1991",3122,13501,3493,5128,6615,18629,25244
"HI",15,1,"1992",3130,13518,3676,5670,6806,19188,25994
"HI",15,1,"1993",3199,14135,3712,5462,6911,19597,26508
"HI",15,1,"1994",3350,14344,3618,5255,6968,19599,26567
"HI",15,1,"1995",3127,14424,3420,5139,6547,19563,26110
"HI",15,1,"1996",2625,13616,3309,4995,5934,18611,24545
"HI",15,1,"1997",2569,13367,2935,4559,5504,17926,23430
"HI",15,1,"1998",2466,13274,2974,4496,5440,17770,23210
"HI",15,1,"1999",527,13237,197,4793,724,18030,18754
"HI",15,1,"2000",2554,13122,3216,4588,5770,17710,23480
"HI",15,1,"2001",2724,13457,2943,4760,5667,18217,23884
"HI",15,1,"2002",2860,14645,3152,4902,6012,19547,25559
"HI",15,1,"2003",3125,15502,3070,5260,6195,20762,26957
"HI",15,1,"2004",3250,15881,3154,5382,6404,21263,27667
"HI",15,1,"2005",3304,15954,3196,5373,6500,21327,27827
"HI",15,1,"2006",3221,15572,3330,5448,6551,21020,27571
"HI",15,1,"2007",3212,15400,3320,5613,6532,21013,27545
"HI",15,1,"2008",3397,15637,3381,5954,6778,21591,28369
"HI",15,1,"2009",3724,16324,3289,6519,7013,22843,29856
"HI",15,1,"2010",3734,16492,3308,6720,7042,23212,30254
"HI",15,1,"2011",3519,16637,3118,7483,6637,24120,30757
"HI",15,1,"2012",3407,17267,2953,7335,6360,24602,30962
"HI",15,1,"2013",3193,17333,2900,7060,6093,24393,30486
"HI",15,1,"2014",3218,17001,2725,6957,5943,23958,29901
"ID",16,1,"1980",1278,17557,2054,8192,3332,25749,29081
"ID",16,1,"1984",1306,17772,3855,6697,5161,24469,29630
"ID",16,1,"1985",1252,17220,3737,6336,4989,23556,28545
"ID",16,1,"1986",1268,16973,3964,6415,5232,23388,28620
"ID",16,1,"1987",1387,17655,3868,6871,5255,24526,29781
"ID",16,1,"1988",1536,17825,3614,6804,5150,24629,29779
"ID",16,1,"1989",1629,19653,4171,7640,5800,27293,33093
"ID",16,1,"1990",1721,20447,4843,8698,6564,29145,35709
"ID",16,1,"1991",1800,22366,4634,9136,6434,31502,37936
"ID",16,1,"1992",1992,23395,4875,9476,6867,32871,39738
"ID",16,1,"1993",1975,23707,4561,10191,6536,33898,40434
"ID",16,1,"1994",2198,24040,5312,10079,7510,34119,41629
"ID",16,1,"1995",2251,23954,4958,10286,7209,34240,41449
"ID",16,1,"1996",2284,24324,4577,10159,6861,34483,41344
"ID",16,1,"1997",2293,24600,4561,9873,6854,34473,41327
"ID",16,1,"1998",2336,24395,4738,10994,7074,35389,42463
"ID",16,1,"1999",873,25172,1307,11549,2180,36721,38901
"ID",16,1,"2000",2412,25551,4332,11360,6744,36911,43655
"ID",16,1,"2001",2556,26776,4540,11911,7096,38687,45783
"ID",16,1,"2002",2776,27845,4243,11655,7019,39500,46519
"ID",16,1,"2003",3045,29012,4317,11945,7362,40957,48319
"ID",16,1,"2004",3049,29124,4103,12007,7152,41131,48283
"ID",16,1,"2005",2861,29157,3922,12349,6783,41506,48289
"ID",16,1,"2006",2895,28437,3545,11764,6440,40201,46641
"ID",16,1,"2007",2913,28408,3739,12936,6652,41344,47996
"ID",16,1,"2008",2987,28998,3762,12304,6749,41302,48051
"ID",16,1,"2009",3298,30602,3791,10892,7089,41494,48583
"ID",16,1,"2010",3590,31723,3841,10226,7431,41949,49380
"ID",16,1,"2011",3515,31847,3522,10203,7037,42050,49087
"ID",16,1,"2012",3357,30866,3948,14970,7305,45836,53141
"ID",16,1,"2013",3403,29922,3944,14366,7347,44288,51635
"ID",16,1,"2014",3495,29523,3730,14914,7225,44437,51662
"IL",17,1,"1980",12036,124355,29537,20397,41573,144752,186325
"IL",17,1,"1984",14880,121035,26963,21715,41843,142750,184593
"IL",17,1,"1985",15081,121891,27726,22546,42807,144437,187244
"IL",17,1,"1986",16878,122507,30773,25523,47651,148030,195681
"IL",17,1,"1987",16199,123658,31238,25962,47437,149620,197057
"IL",17,1,"1988",16050,122425,30017,24896,46067,147321,193388
"IL",17,1,"1989",16254,123422,30072,25165,46326,148587,194913
"IL",17,1,"1990",16776,125866,31325,24497,48101,150363,198464
"IL",17,1,"1991",17738,125299,33091,25878,50829,151177,202006
"IL",17,1,"1992",20151,123689,30503,25566,50654,149255,199909
"IL",17,1,"1993",21788,121325,28356,25908,50144,147233,197377
"IL",17,1,"1994",22401,118687,28349,25052,50750,143739,194489
"IL",17,1,"1995",22073,117642,28444,24373,50517,142015,192532
"IL",17,1,"1996",21748,117972,28099,24500,49847,142472,192319
"IL",17,1,"1997",21203,120254,27206,23359,48409,143613,192022
"IL",17,1,"1998",21310,122822,26335,23081,47645,145903,193548
"IL",17,1,"1999",7659,123968,12934,22195,20593,146163,166756
"IL",17,1,"2000",22317,124289,25852,21325,48169,145614,193783
"IL",17,1,"2001",23096,124889,26330,20957,49426,145846,195272
"IL",17,1,"2002",24792,127527,27325,20744,52117,148271,200388
"IL",17,1,"2003",25349,128409,27223,20137,52572,148546,201118
"IL",17,1,"2004",25158,129257,25954,20098,51112,149355,200467
"IL",17,1,"2005",25256,131773,25540,19756,50796,151529,202325
"IL",17,1,"2006",25704,132177,25054,19918,50758,152095,202853
"IL",17,1,"2007",26228,133101,24697,19637,50925,152738,203663
"IL",17,1,"2008",26476,132889,24425,19464,50901,152353,203254
"IL",17,1,"2009",27599,132921,25115,19146,52714,152067,204781
"IL",17,1,"2010",28295,133427,23933,19360,52228,152787,205015
"IL",17,1,"2011",28265,132882,22963,19560,51228,152442,203670
"IL",17,1,"2012",28225,128941,21677,19485,49902,148426,198328
"IL",17,1,"2013",28613,126117,21069,19114,49682,145231,194913
"IL",17,1,"2014",29389,125441,19590,18940,48979,144381,193360
"IN",18,1,"1980",12580,95397,16676,40910,29256,136307,165563
"IN",18,1,"1984",12165,96847,14768,42262,26933,139109,166042
"IN",18,1,"1985",12211,96553,15730,42474,27941,139027,166968
"IN",18,1,"1986",8465,72326,14062,39946,22527,112272,134799
"IN",18,1,"1987",12411,100014,15463,46621,27874,146635,174509
"IN",18,1,"1988",12803,104724,16046,47482,28849,152206,181055
"IN",18,1,"1989",13105,110353,15594,50400,28699,160753,189452
"IN",18,1,"1990",13246,113761,15456,53017,28702,166778,195480
"IN",18,1,"1991",14030,117003,15544,53122,29574,170125,199699
"IN",18,1,"1992",14391,118816,15980,54630,30371,173446,203817
"IN",18,1,"1993",14764,116852,16385,53409,31149,170261,201410
"IN",18,1,"1994",14662,114137,16797,50773,31459,164910,196369
"IN",18,1,"1995",14541,113364,16890,48032,31431,161396,192827
"IN",18,1,"1996",14692,114623,16085,46344,30777,160967,191744
"IN",18,1,"1997",14528,117105,16188,45230,30716,162335,193051
"IN",18,1,"1998",14670,119875,16459,44097,31129,163972,195101
"IN",18,1,"1999",5147,122272,6765,42585,11912,164857,176769
"IN",18,1,"2000",15164,123691,16290,43739,31454,167430,198884
"IN",18,1,"2001",15531,127489,16960,51684,32491,179173,211664
"IN",18,1,"2002",16224,129924,17583,42273,33807,172197,206004
"IN",18,1,"2003",16960,133091,17718,39699,34678,172790,207468
"IN",18,1,"2004",17142,133092,17988,39010,35130,172102,207232
"IN",18,1,"2005",17661,133576,17322,38770,34983,172346,207329
"IN",18,1,"2006",17765,134196,17294,37854,35059,172050,207109
"IN",18,1,"2007",18188,135857,17580,37937,35768,173794,209562
"IN",18,1,"2008",18430,139868,18314,37924,36744,177792,214536
"IN",18,1,"2009",19670,146703,18337,40451,38007,187154,225161
"IN",18,1,"2010",19999,150428,18714,42650,38713,193078,231791
"IN",18,1,"2011",20039,148551,19106,45841,39145,194392,233537
"IN",18,1,"2012",20153,145522,18319,49503,38472,195025,233497
"IN",18,1,"2013",20330,143968,17991,54856,38321,198824,237145
"IN",18,1,"2014",20431,143773,18072,54987,38503,198760,237263
"IA",19,1,"1980",7896,41392,6974,6220,14870,47612,62482
"IA",19,1,"1984",8252,46237,7057,8336,15309,54573,69882
"IA",19,1,"1985",8096,47090,6954,7803,15050,54893,69943
"IA",19,1,"1986",8254,46731,7118,7952,15372,54683,70055
"IA",19,1,"1987",8010,45954,7510,7861,15520,53815,69335
"IA",19,1,"1988",8231,45886,7237,7518,15468,53404,68872
"IA",19,1,"1989",8634,46072,6909,6606,15543,52678,68221
"IA",19,1,"1990",8608,45757,7064,6528,15672,52285,67957
"IA",19,1,"1991",8736,45391,7440,6521,16176,51912,68088
"IA",19,1,"1992",8827,44731,6670,6917,15497,51648,67145
"IA",19,1,"1993",9054,44165,6646,6250,15700,50415,66115
"IA",19,1,"1994",9002,43550,6815,6250,15817,49800,65617
"IA",19,1,"1995",8766,44168,6776,6131,15542,50299,65841
"IA",19,1,"1996",8670,44756,6879,6234,15549,50990,66539
"IA",19,1,"1997",9055,45420,6844,5977,15899,51397,67296
"IA",19,1,"1998",8878,46352,6727,5878,15605,52230,67835
"IA",19,1,"1999",3703,47205,1314,5935,5017,53140,58157
"IA",19,1,"2000",8975,48145,6503,5639,15478,53784,69262
"IA",19,1,"2001",8780,49628,6878,5715,15658,55343,71001
"IA",19,1,"2002",9307,50095,6572,5788,15879,55883,71762
"IA",19,1,"2003",9709,48940,6709,5433,16418,54373,70791
"IA",19,1,"2004",8623,47872,6371,4883,14994,52755,67749
"IA",19,1,"2005",8488,47380,6275,4646,14763,52026,66789
"IA",19,1,"2006",8409,47082,6291,4823,14700,51905,66605
"IA",19,1,"2007",8609,48197,6399,4764,15008,52961,67969
"IA",19,1,"2008",8623,49102,6867,4414,15490,53516,69006
"IA",19,1,"2009",9877,50097,5882,4379,15759,54476,70235
"IA",19,1,"2010",9202,51432,6528,4239,15730,55671,71401
"IA",19,1,"2011",8848,52666,6426,4649,15274,57315,72589
"IA",19,1,"2012",8702,53527,6241,4680,14943,58207,73150
"IA",19,1,"2013",8632,55029,6217,4984,14849,60013,74862
"IA",19,1,"2014",8923,56108,6021,5281,14944,61389,76333
"KS",20,1,"1980",6519,49812,14417,13853,20936,63665,84601
"KS",20,1,"1984",6233,49279,12629,14177,18862,63456,82318
"KS",20,1,"1985",6186,49178,13054,14014,19240,63192,82432
"KS",20,1,"1986",6386,49879,12650,14629,19036,64508,83544
"KS",20,1,"1987",6331,50952,12007,14941,18338,65893,84231
"KS",20,1,"1988",6392,52272,12384,14779,18776,67051,85827
"KS",20,1,"1989",6506,54221,12134,14693,18640,68914,87554
"KS",20,1,"1990",6738,55086,11946,14752,18684,69838,88522
"KS",20,1,"1991",6901,55446,11431,14204,18332,69650,87982
"KS",20,1,"1992",7245,54915,11212,13883,18457,68798,87255
"KS",20,1,"1993",7392,54476,11233,13460,18625,67936,86561
"KS",20,1,"1994",7356,53083,11028,12901,18384,65984,84368
"KS",20,1,"1995",7131,52437,10909,12895,18040,65332,83372
"KS",20,1,"1996",7145,51197,11328,12964,18473,64161,82634
"KS",20,1,"1997",7062,52361,10642,13699,17704,66060,83764
"KS",20,1,"1998",7113,52631,10642,13927,17755,66558,84313
"KS",20,1,"1999",3089,54173,5092,12980,8181,67153,75334
"KS",20,1,"2000",7008,55813,11047,13158,18055,68971,87026
"KS",20,1,"2001",7037,56530,11140,13582,18177,70112,88289
"KS",20,1,"2002",7347,58817,11533,13435,18880,72252,91132
"KS",20,1,"2003",7685,59286,11548,14217,19233,73503,92736
"KS",20,1,"2004",7344,60441,10888,14907,18232,75348,93580
"KS",20,1,"2005",7243,60423,11203,15173,18446,75596,94042
"KS",20,1,"2006",7441,60516,11167,15250,18608,75766,94374
"KS",20,1,"2007",8929,60703,12268,15051,21197,75754,96951
"KS",20,1,"2008",10588,61569,11119,15194,21707,76763,98470
"KS",20,1,"2009",10957,62398,10996,15683,21953,78081,100034
"KS",20,1,"2010",11630,62288,9992,16415,21622,78703,100325
"KS",20,1,"2011",11624,62789,9731,16749,21355,79538,100893
"KS",20,1,"2012",11475,63053,9551,16666,21026,79719,100745
"KS",20,1,"2013",11420,63422,9585,16097,21005,79519,100524
"KS",20,1,"2014",11607,63949,10089,16244,21696,80193,101889
"KY",21,1,"1980",7633,57811,13408,17952,21041,75763,96804
"KY",21,1,"1984",6952,55446,9821,16741,16773,72187,88960
"KY",21,1,"1985",6143,53926,9137,17863,15280,71789,87069
"KY",21,1,"1986",6081,54709,9814,18885,15895,73594,89489
"KY",21,1,"1987",6433,56278,10557,20589,16990,76867,93857
"KY",21,1,"1988",6538,59665,10698,20994,17236,80659,97895
"KY",21,1,"1989",6678,62883,11078,21693,17756,84576,102332
"KY",21,1,"1990",6991,66183,10825,22422,17816,88605,106421
"KY",21,1,"1991",7604,67898,11230,23048,18834,90946,109780
"KY",21,1,"1992",8013,68374,11246,22255,19259,90629,109888
"KY",21,1,"1993",8208,67449,10978,21310,19186,88759,107945
"KY",21,1,"1994",8283,66730,11307,19939,19590,86669,106259
"KY",21,1,"1995",8628,66162,11547,19192,20175,85354,105529
"KY",21,1,"1996",8889,65455,11539,18434,20428,83889,104317
"KY",21,1,"1997",8948,65827,11876,18145,20824,83972,104796
"KY",21,1,"1998",8754,66906,11779,17942,20533,84848,105381
"KY",21,1,"1999",4297,66266,6089,18085,10386,84351,94737
"KY",21,1,"2000",8288,66657,10067,18425,18355,85082,103437
"KY",21,1,"2001",9624,68828,12085,18029,21709,86857,108566
"KY",21,1,"2002",10081,71254,12980,18853,23061,90107,113168
"KY",21,1,"2003",10561,74622,12760,18191,23321,92813,116134
"KY",21,1,"2004",10700,75426,12713,17880,23413,93306,116719
"KY",21,1,"2005",10453,76355,12530,17572,22983,93927,116910
"KY",21,1,"2006",10564,76678,12389,18330,22953,95008,117961
"KY",21,1,"2007",11870,77134,11286,18411,23156,95545,118701
"KY",21,1,"2008",11953,77705,11205,18385,23158,96090,119248
"KY",21,1,"2009",12470,79799,11245,17882,23715,97681,121396
"KY",21,1,"2010",13107,80708,11259,18252,24366,98960,123326
"KY",21,1,"2011",13242,80136,11164,20995,24406,101131,125537
"KY",21,1,"2012",13336,81167,10654,21353,23990,102520,126510
"KY",21,1,"2013",13210,81572,10118,21635,23328,103207,126535
"KY",21,1,"2014",13231,82105,9720,21428,22951,103533,126484
"LA",22,1,"1980",6164,86632,11362,19894,17526,106526,124052
"LA",22,1,"1984",8451,91871,14284,27778,22735,119649,142384
"LA",22,1,"1985",8803,95504,11564,24330,20367,119834,140201
"LA",22,1,"1986",8664,92657,9968,22642,18632,115299,133931
"LA",22,1,"1987",8648,93899,10595,23027,19243,116926,136169
"LA",22,1,"1988",8526,93825,10151,23531,18677,117356,136033
"LA",22,1,"1989",8530,93839,9863,23907,18393,117746,136139
"LA",22,1,"1990",8692,95449,10359,24539,19051,119988,139039
"LA",22,1,"1991",9521,99210,11130,26038,20651,125248,145899
"LA",22,1,"1992",10667,102721,12194,26739,22861,129460,152321
"LA",22,1,"1993",10550,100052,12141,26037,22691,126089,148780
"LA",22,1,"1994",10815,100919,11985,25872,22800,126791,149591
"LA",22,1,"1995",11367,100966,12156,25977,23523,126943,150466
"LA",22,1,"1996",11532,101329,11782,25026,23314,126355,149669
"LA",22,1,"1997",11358,102020,12080,25166,23438,127186,150624
"LA",22,1,"1998",11279,103223,11982,24505,23261,127728,150989
"LA",22,1,"1999",7120,103671,8332,23587,15452,127258,142710
"LA",22,1,"2000",11383,102932,11919,23145,23302,126077,149379
"LA",22,1,"2001",11758,103670,11931,22290,23689,125960,149649
"LA",22,1,"2002",12851,104941,12063,23004,24914,127945,152859
"LA",22,1,"2003",13414,106584,12397,23246,25811,129830,155641
"LA",22,1,"2004",13790,108581,12232,23256,26022,131837,157859
"LA",22,1,"2005",12785,101918,9967,22859,22752,124777,147529
"LA",22,1,"2006",11476,100703,11081,20237,22557,120940,143497
"LA",22,1,"2007",12325,97182,10114,20706,22439,117888,140327
"LA",22,1,"2008",12940,97011,9815,23064,22755,120075,142830
"LA",22,1,"2009",13682,97582,10078,23019,23760,120601,144361
"LA",22,1,"2010",14109,96447,10488,24066,24597,120513,145110
"LA",22,1,"2011",14240,95405,9551,25420,23791,120825,144616
"LA",22,1,"2012",14514,93374,8809,26232,23323,119606,142929
"LA",22,1,"2013",14596,91461,7897,25763,22493,117224,139717
"LA",22,1,"2014",13893,91120,8779,25608,22672,116728,139400
"ME",23,1,"1980",1093,17239,814,9025,1907,26264,28171
"ME",23,1,"1984",1113,16560,953,10154,2066,26714,28780
"ME",23,1,"1985",1124,16142,1081,10338,2205,26480,28685
"ME",23,1,"1986",1175,15647,1213,11456,2388,27103,29491
"ME",23,1,"1987",1242,15643,1139,11863,2381,27506,29887
"ME",23,1,"1988",1506,16367,1789,10536,3295,26903,30198
"ME",23,1,"1989",1678,17378,2010,13167,3688,30545,34233
"ME",23,1,"1990",1789,17825,2091,12911,3880,30736,34616
"ME",23,1,"1991",1836,17831,2083,12288,3919,30119,34038
"ME",23,1,"1992",1364,17415,2585,12157,3949,29572,33521
"ME",23,1,"1993",1899,16622,2037,11837,3936,28459,32395
"ME",23,1,"1994",1871,16032,2215,11781,4086,27813,31899
"ME",23,1,"1995",1884,15350,2254,11787,4138,27137,31275
"ME",23,1,"1996",1882,15289,2118,11690,4000,26979,30979
"ME",23,1,"1997",1909,15324,2080,11049,3989,26373,30362
"ME",23,1,"1998",1899,15777,2125,11049,4024,26826,30850
"ME",23,1,"1999",1148,16793,1197,11707,2345,28500,30845
"ME",23,1,"2000",1894,17245,2273,11681,4167,28926,33093
"ME",23,1,"2001",1924,17657,2412,11689,4336,29346,33682
"ME",23,1,"2002",2124,18213,2567,11913,4691,30126,34817
"ME",23,1,"2003",2317,18861,2351,11627,4668,30488,35156
"ME",23,1,"2004",2353,19168,2315,11234,4668,30402,35070
"ME",23,1,"2005",2384,19210,2260,11230,4644,30440,35084
"ME",23,1,"2006",2301,19383,2201,11183,4502,30566,35068
"ME",23,1,"2007",2369,19385,2308,10551,4677,29936,34613
"ME",23,1,"2008",2276,19260,2071,9844,4347,29104,33451
"ME",23,1,"2009",2057,19455,2451,9466,4508,28921,33429
"ME",23,1,"2010",2079,19254,2413,9320,4492,28574,33066
"ME",23,1,"2011",1991,18644,2359,9098,4350,27742,32092
"ME",23,1,"2012",1656,18707,2607,9032,4263,27739,32002
"ME",23,1,"2013",1578,18442,2496,8867,4074,27309,31383
"ME",23,1,"2014",1507,18102,2456,8608,3963,26710,30673
"MD",24,1,"1980",7077,61261,11722,26504,18799,87765,106564
"MD",24,1,"1984",7799,61567,11320,26469,19119,88036,107155
"MD",24,1,"1985",7874,62204,11344,27270,19218,89474,108692
"MD",24,1,"1986",8009,62165,12036,27971,20045,90136,110181
"MD",24,1,"1987",8393,63306,12629,27515,21022,90821,111843
"MD",24,1,"1988",8497,62968,13752,27678,22249,90646,112895
"MD",24,1,"1989",9297,62031,14272,28226,23569,90257,113826
"MD",24,1,"1990",9719,63150,15007,27322,24726,90472,115198
"MD",24,1,"1991",10231,63987,15724,27414,25955,91401,117356
"MD",24,1,"1992",10808,62987,16140,27140,26948,90127,117075
"MD",24,1,"1993",10674,62585,16715,26450,27389,89035,116424
"MD",24,1,"1994",10964,63459,16525,25409,27489,88868,116357
"MD",24,1,"1995",11019,64736,17220,24845,28239,89581,117820
"MD",24,1,"1996",11260,65523,16380,24038,27640,89561,117201
"MD",24,1,"1997",11577,66114,16300,23199,27877,89313,117190
"MD",24,1,"1998",11477,67895,16512,22732,27989,90627,118616
"MD",24,1,"1999",9975,68867,14197,23234,24172,92101,116273
"MD",24,1,"2000",12590,70396,17495,24127,30085,94523,124608
"MD",24,1,"2001",13372,73144,18901,26264,32273,99408,131681
"MD",24,1,"2002",14628,75816,19414,26310,34042,102126,136168
"MD",24,1,"2003",14964,77139,20039,26646,35003,103785,138788
"MD",24,1,"2004",14765,78455,21100,27662,35865,106117,141982
"MD",24,1,"2005",15211,78910,20928,26200,36139,105110,141249
"MD",24,1,"2006",15586,80698,22610,29566,38196,110264,148460
"MD",24,1,"2007",16288,82527,23266,29284,39554,111811,151365
"MD",24,1,"2008",16748,85513,25120,29637,41868,115150,157018
"MD",24,1,"2009",17334,87592,26708,30880,44042,118472,162514
"MD",24,1,"2010",17762,89358,27454,32432,45216,121790,167006
"MD",24,1,"2011",18357,91135,27498,33369,45855,124504,170359
"MD",24,1,"2012",18657,91551,26666,33151,45323,124702,170025
"MD",24,1,"2013",18302,91446,25249,32251,43551,123697,167248
"MD",24,1,"2014",18418,94348,24716,38448,43134,132796,175930
"MA",25,1,"1980",3874,63554,12007,20936,15881,84490,100371
"MA",25,1,"1984",3931,66688,12652,25228,16583,91916,108499
"MA",25,1,"1985",4045,66473,13793,26251,17838,92724,110562
"MA",25,1,"1986",4612,65396,15339,26209,19951,91605,111556
"MA",25,1,"1987",5224,65216,13252,29748,18476,94964,113440
"MA",25,1,"1988",5156,64952,13744,28948,18900,93900,112800
"MA",25,1,"1989",5213,63942,14415,28652,19628,92594,112222
"MA",25,1,"1990",4954,62848,14091,28138,19045,90986,110031
"MA",25,1,"1991",4980,61709,12386,26809,17366,88518,105884
"MA",25,1,"1992",5219,61247,12091,26068,17310,87315,104625
"MA",25,1,"1993",5253,59201,11857,25421,17110,84622,101732
"MA",25,1,"1994",5424,58570,13474,24328,18898,82898,101796
"MA",25,1,"1995",5566,58017,13436,24512,19002,82529,101531
"MA",25,1,"1996",5516,58056,14275,23703,19791,81759,101550
"MA",25,1,"1997",5546,58129,15486,22701,21032,80830,101862
"MA",25,1,"1998",5627,57378,16806,22638,22433,80016,102449
"MA",25,1,"1999",5373,58159,15717,22153,21090,80312,101402
"MA",25,1,"2000",5388,57994,16918,21397,22306,79391,101697
"MA",25,1,"2001",5657,59920,16191,20752,21848,80672,102520
"MA",25,1,"2002",5993,60768,16333,19369,22326,80137,102463
"MA",25,1,"2003",6140,61972,16935,17458,23075,79430,102505
"MA",25,1,"2004",6061,62467,17194,16309,23255,78776,102031
"MA",25,1,"2005",6289,64724,17001,15690,23290,80414,103704
"MA",25,1,"2006",6570,66120,17484,15995,24054,82115,106169
"MA",25,1,"2007",6702,68377,18543,16064,25245,84441,109686
"MA",25,1,"2008",6775,70972,18735,16292,25510,87264,112774
"MA",25,1,"2009",7344,73940,19274,16120,26618,90060,116678
"MA",25,1,"2010",8010,75873,19060,16599,27070,92472,119542
"MA",25,1,"2011",8099,77398,19170,17221,27269,94619,121888
"MA",25,1,"2012",7916,78062,19222,17684,27138,95746,122884
"MA",25,1,"2013",8176,79338,18655,17723,26831,97061,123892
"MA",25,1,"2014",8326,80363,18736,17150,27062,97513,124575
"MI",26,1,"1980",23979,153527,30410,50870,54389,204397,258786
"MI",26,1,"1984",22733,143672,25856,45713,48589,189385,237974
"MI",26,1,"1985",22606,142475,27802,46347,50408,188822,239230
"MI",26,1,"1986",22671,145095,30165,52071,52836,197166,250002
"MI",26,1,"1987",23484,149223,32077,52309,55561,201532,257093
"MI",26,1,"1988",23301,153126,32596,53543,55897,206669,262566
"MI",26,1,"1989",23795,157009,33415,55822,57210,212831,270041
"MI",26,1,"1990",24699,158796,33926,56758,58625,215554,274179
"MI",26,1,"1991",25538,156490,34632,56814,60170,213304,273474
"MI",26,1,"1992",26295,153274,33497,57324,59792,210598,270390
"MI",26,1,"1993",27679,152829,38613,58229,66292,211058,277350
"MI",26,1,"1994",27729,149163,37203,57105,64932,206268,271200
"MI",26,1,"1995",28272,148866,36525,58247,64797,207113,271910
"MI",26,1,"1996",28751,150064,36264,57124,65015,207188,272203
"MI",26,1,"1997",29480,153663,36725,55912,66205,209575,275780
"MI",26,1,"1998",29052,158026,36756,56055,65808,214081,279889
"MI",26,1,"1999",12793,162080,24554,55427,37347,217507,254854
"MI",26,1,"2000",28953,166493,38228,54581,67181,221074,288255
"MI",26,1,"2001",30723,173241,37621,54231,68344,227472,295816
"MI",26,1,"2002",33274,177455,37559,53255,70833,230710,301543
"MI",26,1,"2003",33102,182168,36253,52819,69355,234987,304342
"MI",26,1,"2004",33244,184372,34985,51699,68229,236071,304300
"MI",26,1,"2005",33285,187367,33734,50108,67019,237475,304494
"MI",26,1,"2006",33724,187760,32738,49232,66462,236992,303454
"MI",26,1,"2007",34617,190265,32853,48459,67470,238724,306194
"MI",26,1,"2008",34939,193538,32462,46743,67401,240281,307682
"MI",26,1,"2009",36222,198872,32788,47840,69010,246712,315722
"MI",26,1,"2010",36527,201853,31567,49829,68094,251682,319776
"MI",26,1,"2011",36735,200804,30793,52030,67528,252834,320362
"MI",26,1,"2012",37322,199830,29328,51371,66650,251201,317851
"MI",26,1,"2013",37910,198955,28006,50478,65916,249433,315349
"MI",26,1,"2014",38391,198194,27297,50630,65688,248824,314512
"MN",27,1,"1980",13022,70037,6458,36631,19480,106668,126148
"MN",27,1,"1984",13075,66655,5619,39904,18694,106559,125253
"MN",27,1,"1985",13139,67067,5662,42172,18801,109239,128040
"MN",27,1,"1986",13384,68373,6110,43261,19494,111634,131128
"MN",27,1,"1987",8005,68854,11852,44741,19857,113595,133452
"MN",27,1,"1988",8597,70021,11743,44765,20340,114786,135126
"MN",27,1,"1989",8257,71459,11513,44955,19770,116414,136184
"MN",27,1,"1990",7495,71803,11807,43738,19302,115541,134843
"MN",27,1,"1991",7297,69546,11685,43473,18982,113019,132001
"MN",27,1,"1992",7403,67218,11335,41880,18738,109098,127836
"MN",27,1,"1993",7582,64838,11567,37604,19149,102442,121591
"MN",27,1,"1994",7853,63108,11442,36830,19295,99938,119233
"MN",27,1,"1995",7847,62320,11289,35732,19136,98052,117188
"MN",27,1,"1996",7907,62534,11462,35928,19369,98462,117831
"MN",27,1,"1997",8224,67093,10736,24832,18960,91925,110885
"MN",27,1,"1998",8043,67746,10299,25521,18342,93267,111609
"MN",27,1,"1999",3759,68037,3489,26123,7248,94160,101408
"MN",27,1,"2000",9602,72063,9761,25072,19363,97135,116498
"MN",27,1,"2001",9904,75995,10259,24338,20163,100333,120496
"MN",27,1,"2002",10352,79420,11884,23769,22236,103189,125425
"MN",27,1,"2003",11214,81069,12224,22637,23438,103706,127144
"MN",27,1,"2004",11586,81412,13390,22066,24976,103478,128454
"MN",27,1,"2005",11333,80973,13549,22693,24882,103666,128548
"MN",27,1,"2006",11506,82057,13583,22139,25089,104196,129285
"MN",27,1,"2007",11733,82884,13884,22327,25617,105211,130828
"MN",27,1,"2008",11925,83336,13884,23477,25809,106813,132622
"MN",27,1,"2009",12368,85976,13937,23597,26305,109573,135878
"MN",27,1,"2010",12598,87753,13458,24126,26056,111879,137935
"MN",27,1,"2011",12014,86903,13275,26845,25289,113748,139037
"MN",27,1,"2012",12475,85212,12293,27176,24768,112388,137156
"MN",27,1,"2013",12542,83748,11836,27918,24378,111666,136044
"MN",27,1,"2014",12485,82082,11695,28078,24180,110160,134340
"MS",28,1,"1980",4257,37799,5906,5942,10163,43741,53904
"MS",28,1,"1984",4467,37583,5194,5781,9661,43364,53025
"MS",28,1,"1985",4265,37785,4757,5751,9022,43536,52558
"MS",28,1,"1986",4408,36371,3843,5793,8251,42164,50415
"MS",28,1,"1987",4436,36573,3988,5385,8424,41958,50382
"MS",28,1,"1988",4982,38829,4142,5391,9124,44220,53344
"MS",28,1,"1989",5350,41202,4626,5538,9976,46740,56716
"MS",28,1,"1990",5563,42605,4858,5755,10421,48360,58781
"MS",28,1,"1991",5802,43820,4658,5907,10460,49727,60187
"MS",28,1,"1992",5856,42147,4212,6222,10068,48369,58437
"MS",28,1,"1993",5922,41112,4314,6317,10236,47429,57665
"MS",28,1,"1994",6105,39849,4786,6767,10891,46616,57507
"MS",28,1,"1995",6225,40746,4945,6931,11170,47677,58847
"MS",28,1,"1996",6452,41644,5283,7181,11735,48825,60560
"MS",28,1,"1997",6588,42995,5296,7141,11884,50136,62020
"MS",28,1,"1998",6554,43399,4927,7470,11481,50869,62350
"MS",28,1,"1999",3426,43102,2931,7597,6357,50699,57056
"MS",28,1,"2000",6489,44672,5601,7232,12090,51904,63994
"MS",28,1,"2001",6674,46176,5634,7315,12308,53491,65799
"MS",28,1,"2002",6982,46751,5969,7349,12951,54100,67051
"MS",28,1,"2003",7077,46281,6298,7699,13375,53980,67355
"MS",28,1,"2004",7582,48240,6480,7021,14062,55261,69323
"MS",28,1,"2005",7528,48693,6484,6893,14012,55586,69598
"MS",28,1,"2006",7244,48741,6348,7115,13592,55856,69448
"MS",28,1,"2007",7270,49252,6687,7098,13957,56350,70307
"MS",28,1,"2008",7782,49361,6809,7207,14591,56568,71159
"MS",28,1,"2009",8403,51127,7177,7012,15580,58139,73719
"MS",28,1,"2010",9216,53280,7423,6959,16639,60239,76878
"MS",28,1,"2011",9197,55659,7251,7819,16448,63478,79926
"MS",28,1,"2012",9305,56151,7085,7894,16390,64045,80435
"MS",28,1,"2013",9241,56132,7163,7172,16404,63304,79708
"MS",28,1,"2014",8182,56942,6893,7095,15075,64037,79112
"MO",29,1,"1980",7282,75035,11474,18064,18756,93099,111855
"MO",29,1,"1984",6782,73732,11538,19687,18320,93419,111739
"MO",29,1,"1985",6780,72107,12033,20059,18813,92166,110979
"MO",29,1,"1986",6746,70178,12059,21700,18805,91878,110683
"MO",29,1,"1987",6898,70875,12036,22102,18934,92977,111911
"MO",29,1,"1988",6943,74084,12328,23065,19271,97149,116420
"MO",29,1,"1989",7105,77415,12726,23799,19831,101214,121045
"MO",29,1,"1990",7217,79078,13529,25446,20746,104524,125270
"MO",29,1,"1991",7527,79777,13019,25781,20546,105558,126104
"MO",29,1,"1992",7472,77632,12164,25317,19636,102949,122585
"MO",29,1,"1993",8385,74702,11317,24712,19702,99414,119116
"MO",29,1,"1994",8313,73027,11498,24523,19811,97550,117361
"MO",29,1,"1995",7728,72563,12805,24775,20533,97338,117871
"MO",29,1,"1996",7543,72558,12836,24276,20379,96834,117213
"MO",29,1,"1997",7688,72617,12011,24305,19699,96922,116621
"MO",29,1,"1998",7866,73943,12644,24190,20510,98133,118643
"MO",29,1,"1999",4809,74819,6470,24637,11279,99456,110735
"MO",29,1,"2000",8559,75850,12323,25558,20882,101408,122290
"MO",29,1,"2001",8858,77212,12581,25167,21439,102379,123818
"MO",29,1,"2002",9670,78838,13590,25893,23260,104731,127991
"MO",29,1,"2003",9822,79432,13488,25982,23310,105414,128724
"MO",29,1,"2004",9670,80833,12858,24959,22528,105792,128320
"MO",29,1,"2005",10174,82825,12874,25107,23048,107932,130980
"MO",29,1,"2006",10492,83370,13217,25066,23709,108436,132145
"MO",29,1,"2007",10777,84151,13884,25022,24661,109173,133834
"MO",29,1,"2008",10984,86534,14434,24357,25418,110891,136309
"MO",29,1,"2009",11937,89717,14483,25071,26420,114788,141208
"MO",29,1,"2010",13032,92894,13362,25214,26394,118108,144502
"MO",29,1,"2011",13206,94717,13484,25604,26690,120321,147011
"MO",29,1,"2012",13352,94947,13131,26952,26483,121899,148382
"MO",29,1,"2013",13908,94917,13069,27391,26977,122308,149285
"MO",29,1,"2014",15401,96261,13415,28300,28816,124561,153377
"MT",30,1,"1980",1295,21351,2245,3190,3540,24541,28081
"MT",30,1,"1984",1434,21668,2202,3972,3636,25640,29276
"MT",30,1,"1985",1567,21143,2226,3567,3793,24710,28503
"MT",30,1,"1986",1525,20518,2178,3460,3703,23978,27681
"MT",30,1,"1987",1399,19524,2064,4247,3463,23771,27234
"MT",30,1,"1988",1421,20116,2028,3838,3449,23954,27403
"MT",30,1,"1989",1411,20827,2146,4077,3557,24904,28461
"MT",30,1,"1990",1347,20409,2218,4041,3565,24450,28015
"MT",30,1,"1991",1722,21492,1899,4407,3621,25899,29520
"MT",30,1,"1992",1741,22026,1614,4303,3355,26329,29684
"MT",30,1,"1993",1805,22477,1681,4433,3486,26910,30396
"MT",30,1,"1994",1767,22674,1799,4364,3566,27038,30604
"MT",30,1,"1995",1761,23582,1654,4415,3415,27997,31412
"MT",30,1,"1996",1727,23789,1646,4535,3373,28324,31697
"MT",30,1,"1997",1802,24217,1655,4513,3457,28730,32187
"MT",30,1,"1998",1949,24285,1653,4216,3602,28501,32103
"MT",30,1,"1999",1020,24223,1031,4497,2051,28720,30771
"MT",30,1,"2000",1783,24064,1864,4348,3647,28412,32059
"MT",30,1,"2001",1853,24374,1885,4433,3738,28807,32545
"MT",30,1,"2002",1908,24927,1854,4534,3762,29461,33223
"MT",30,1,"2003",1981,25214,2102,4586,4083,29800,33883
"MT",30,1,"2004",2155,24894,2140,4533,4295,29427,33722
"MT",30,1,"2005",2164,24937,2133,4629,4297,29566,33863
"MT",30,1,"2006",2233,24913,2145,4858,4378,29771,34149
"MT",30,1,"2007",2225,24564,2183,4603,4408,29167,33575
"MT",30,1,"2008",2172,24692,2315,4989,4487,29681,34168
"MT",30,1,"2009",2035,25627,2350,5609,4385,31236,35621
"MT",30,1,"2010",2085,27008,2616,5791,4701,32799,37500
"MT",30,1,"2011",2158,27973,2591,6621,4749,34594,39343
"MT",30,1,"2012",2051,27623,2615,6802,4666,34425,39091
"MT",30,1,"2013",1949,27394,2754,7048,4703,34442,39145
"MT",30,1,"2014",1986,27341,2662,6403,4648,33744,38392
"NE",31,1,"1980",3356,31580,6274,10931,9630,42511,52141
"NE",31,1,"1984",4038,32690,6263,11500,10301,44190,54491
"NE",31,1,"1985",4002,32545,7118,11412,11120,43957,55077
"NE",31,1,"1986",4002,32495,7140,11647,11142,44142,55284
"NE",31,1,"1987",4042,32618,7042,11850,11084,44468,55552
"NE",31,1,"1988",3760,33467,7253,12627,11013,46094,57107
"NE",31,1,"1989",4062,34798,7634,12727,11696,47525,59221
"NE",31,1,"1990",4336,35715,8415,12226,12751,47941,60692
"NE",31,1,"1991",4817,35981,8017,11880,12834,47861,60695
"NE",31,1,"1992",4797,36736,7396,11471,12193,48207,60400
"NE",31,1,"1993",4939,36594,6740,11242,11679,47836,59515
"NE",31,1,"1994",5012,35467,7405,10123,12417,45590,58007
"NE",31,1,"1995",5060,35839,7193,9989,12253,45828,58081
"NE",31,1,"1996",4967,35630,7062,9607,12029,45237,57266
"NE",31,1,"1997",4805,34789,6420,8851,11225,43640,54865
"NE",31,1,"1998",4724,34243,6258,8244,10982,42487,53469
"NE",31,1,"1999",2117,34128,3832,7877,5949,42005,47954
"NE",31,1,"2000",4953,34122,6306,7469,11259,41591,52850
"NE",31,1,"2001",5241,34552,6688,7320,11929,41872,53801
"NE",31,1,"2002",5378,35127,6761,7006,12139,42133,54272
"NE",31,1,"2003",5352,35083,6505,6512,11857,41595,53452
"NE",31,1,"2004",5217,34739,6525,6071,11742,40810,52552
"NE",31,1,"2005",5522,35106,6273,6060,11795,41166,52961
"NE",31,1,"2006",5828,35395,6501,5931,12329,41326,53655
"NE",31,1,"2007",5905,36232,6985,6107,12890,42339,55229
"NE",31,1,"2008",5980,36807,7213,6066,13193,42873,56066
"NE",31,1,"2009",6337,37693,7438,5974,13775,43667,57442
"NE",31,1,"2010",6322,38552,7360,6134,13682,44686,58368
"NE",31,1,"2011",6394,38676,7236,6450,13630,45126,58756
"NE",31,1,"2012",6542,38267,6994,6983,13536,45250,58786
"NE",31,1,"2013",6598,38798,7162,6831,13760,45629,59389
"NE",31,1,"2014",6670,39159,7228,6776,13898,45935,59833
"NV",32,1,"1980",707,11463,1890,14590,2597,26053,28650
"NV",32,1,"1984",700,11614,1940,21016,2640,32630,35270
"NV",32,1,"1985",738,11272,1992,20749,2730,32021,34751
"NV",32,1,"1986",839,11303,2099,24561,2938,35864,38802
"NV",32,1,"1987",938,12197,3066,23535,4004,35732,39736
"NV",32,1,"1988",974,13118,3341,22207,4315,35325,39640
"NV",32,1,"1989",1228,14824,3616,27385,4844,42209,47053
"NV",32,1,"1990",1221,15680,4233,30371,5454,46051,51505
"NV",32,1,"1991",1076,17520,4765,29187,5841,46707,52548
"NV",32,1,"1992",1679,17546,4686,31211,6365,48757,55122
"NV",32,1,"1993",1579,16742,5017,31012,6596,47754,54350
"NV",32,1,"1994",1766,17565,5046,30548,6812,48113,54925
"NV",32,1,"1995",1798,17730,5304,33151,7102,50881,57983
"NV",32,1,"1996",1899,19359,5178,36347,7077,55706,62783
"NV",32,1,"1997",2092,20757,5115,36212,7207,56969,64176
"NV",32,1,"1998",2336,22127,5494,39739,7830,61866,69696
"NV",32,1,"1999",364,23275,117,44231,481,67506,67987
"NV",32,1,"2000",2506,24460,5223,41001,7729,65461,73190
"NV",32,1,"2001",2646,27993,5302,41152,7948,69145,77093
"NV",32,1,"2002",2935,31101,5323,40081,8258,71182,79440
"NV",32,1,"2003",3149,32286,5592,42533,8741,74819,83560
"NV",32,1,"2004",3501,35355,5479,41264,8980,76619,85599
"NV",32,1,"2005",3524,36932,5897,42259,9421,79191,88612
"NV",32,1,"2006",3726,35956,5839,44779,9565,80735,90300
"NV",32,1,"2007",3626,37420,5835,45750,9461,83170,92631
"NV",32,1,"2008",3940,38728,5997,47402,9937,86130,96067
"NV",32,1,"2009",4270,40832,5611,48742,9881,89574,99455
"NV",32,1,"2010",4056,42304,5108,49048,9164,91352,100516
"NV",32,1,"2011",3714,41139,4697,44367,8411,85506,93917
"NV",32,1,"2012",3614,41326,4518,42558,8132,83884,92016
"NV",32,1,"2013",3547,41695,4303,41789,7850,83484,91334
"NV",32,1,"2014",3618,44195,4219,42890,7837,87085,94922
"NH",33,1,"1980",1020,14765,1149,2675,2169,17440,19609
"NH",33,1,"1984",903,14878,1918,3810,2821,18688,21509
"NH",33,1,"1985",917,14860,1787,3684,2704,18544,21248
"NH",33,1,"1986",1082,15087,1911,4750,2993,19837,22830
"NH",33,1,"1987",1059,15491,2223,5142,3282,20633,23915
"NH",33,1,"1988",1162,15511,2072,5282,3234,20793,24027
"NH",33,1,"1989",1179,13359,1841,8659,3020,22018,25038
"NH",33,1,"1990",1252,16765,2344,3844,3596,20609,24205
"NH",33,1,"1991",1305,17386,2498,5166,3803,22552,26355
"NH",33,1,"1992",1389,17867,2318,4842,3707,22709,26416
"NH",33,1,"1993",1425,17965,2236,4940,3661,22905,26566
"NH",33,1,"1994",1439,18201,2510,4612,3949,22813,26762
"NH",33,1,"1995",1795,17712,2588,4838,4383,22550,26933
"NH",33,1,"1996",1530,17663,2791,5033,4321,22696,27017
"NH",33,1,"1997",1484,17351,2876,4753,4360,22104,26464
"NH",33,1,"1998",1392,17066,2600,4435,3992,21501,25493
"NH",33,1,"1999",1356,17119,2641,4625,3997,21744,25741
"NH",33,1,"2000",1451,17322,2735,4348,4186,21670,25856
"NH",33,1,"2001",1435,17764,2911,4266,4346,22030,26376
"NH",33,1,"2002",1583,18882,2935,3879,4518,22761,27279
"NH",33,1,"2003",1424,19175,3232,3849,4656,23024,27680
"NH",33,1,"2004",1800,19461,3019,3481,4819,22942,27761
"NH",33,1,"2005",1867,20094,3086,2708,4953,22802,27755
"NH",33,1,"2006",1887,20650,3414,2780,5301,23430,28731
"NH",33,1,"2007",1990,21157,4097,2470,6087,23627,29714
"NH",33,1,"2008",2507,21646,3326,2311,5833,23957,29790
"NH",33,1,"2009",2336,22342,3232,2220,5568,24562,30130
"NH",33,1,"2010",2328,22415,2699,2176,5027,24591,29618
"NH",33,1,"2011",2141,22590,2537,2168,4678,24758,29436
"NH",33,1,"2012",2078,22374,2385,2151,4463,24525,28988
"NH",33,1,"2013",2025,21913,2410,2023,4435,23936,28371
"NH",33,1,"2014",1915,22033,2278,2033,4193,24066,28259
"NJ",34,1,"1980",5095,74781,22270,37086,27365,111867,139232
"NJ",34,1,"1984",5001,70389,19308,37296,24309,107685,131994
"NJ",34,1,"1985",5158,68431,19257,35965,24415,104396,128811
"NJ",34,1,"1986",5596,67878,19413,36196,25009,104074,129083
"NJ",34,1,"1987",6158,67664,19409,36257,25567,103921,129488
"NJ",34,1,"1988",6165,67790,19829,36438,25994,104228,130222
"NJ",34,1,"1989",6873,68849,20234,36150,27107,104999,132106
"NJ",34,1,"1990",6629,70563,20369,36915,26998,107478,134476
"NJ",34,1,"1991",6893,71692,20390,35750,27283,107442,134725
"NJ",34,1,"1992",6978,72337,20526,36250,27504,108587,136091
"NJ",34,1,"1993",6670,71505,20639,35658,27309,107163,134472
"NJ",34,1,"1994",6560,70503,20785,34786,27345,105289,132634
"NJ",34,1,"1995",6600,72124,20774,34070,27374,106194,133568
"NJ",34,1,"1996",7003,73341,19779,32956,26782,106297,133079
"NJ",34,1,"1997",6906,75089,19889,32425,26795,107514,134309
"NJ",34,1,"1998",7063,76736,19285,31437,26348,108173,134521
"NJ",34,1,"1999",3927,79050,12060,30299,15987,109349,125336
"NJ",34,1,"2000",7604,80406,19643,30017,27247,110423,137670
"NJ",34,1,"2001",7777,82959,21142,29198,28919,112157,141076
"NJ",34,1,"2002",8416,85646,21948,29661,30364,115307,145671
"NJ",34,1,"2003",9728,86982,21484,29920,31212,116902,148114
"NJ",34,1,"2004",9675,87456,21082,29449,30757,116905,147662
"NJ",34,1,"2005",9663,88401,20446,28346,30109,116747,146856
"NJ",34,1,"2006",9944,89035,19854,29779,29798,118814,148612
"NJ",34,1,"2007",10150,92369,19754,32076,29904,124445,154349
"NJ",34,1,"2008",10874,96005,19225,32592,30099,128597,158696
"NJ",34,1,"2009",12140,101112,19552,32902,31692,134014,165706
"NJ",34,1,"2010",12831,105407,19029,33770,31860,139177,171037
"NJ",34,1,"2011",13144,108058,18576,35716,31720,143774,175494
"NJ",34,1,"2012",13293,108730,18510,36164,31803,144894,176697
"NJ",34,1,"2013",17298,110772,20341,36831,37639,147603,185242
"NJ",34,1,"2014",17518,113350,20550,37061,38068,150411,188479
"NM",35,1,"1980",3173,25172,3636,10767,6809,35939,42748
"NM",35,1,"1984",3489,25259,3748,13537,7237,38796,46033
"NM",35,1,"1985",3628,25300,3835,13476,7463,38776,46239
"NM",35,1,"1986",3261,27628,7180,9386,10441,37014,47455
"NM",35,1,"1987",3465,28178,7595,9685,11060,37863,48923
"NM",35,1,"1988",4303,28505,6459,9693,10762,38198,48960
"NM",35,1,"1989",4370,28880,6441,9620,10811,38500,49311
"NM",35,1,"1990",4319,28790,6304,10436,10623,39226,49849
"NM",35,1,"1991",4493,29239,5168,12272,9661,41511,51172
"NM",35,1,"1992",5190,28757,7161,12295,12351,41052,53403
"NM",35,1,"1993",5473,29988,7297,11919,12770,41907,54677
"NM",35,1,"1994",5421,28839,7070,11716,12491,40555,53046
"NM",35,1,"1995",5506,28015,7177,11288,12683,39303,51986
"NM",35,1,"1996",5384,27076,7579,10776,12963,37852,50815
"NM",35,1,"1997",5358,27707,7607,10989,12965,38696,51661
"NM",35,1,"1998",5090,28954,7335,10329,12425,39283,51708
"NM",35,1,"1999",2913,30027,3367,10348,6280,40375,46655
"NM",35,1,"2000",5141,29669,7444,9092,12585,38761,51346
"NM",35,1,"2001",5399,29994,7506,8407,12905,38401,51306
"NM",35,1,"2002",5625,31030,7634,9666,13259,40696,53955
"NM",35,1,"2003",6084,32033,8451,9660,14535,41693,56228
"NM",35,1,"2004",6037,32462,8784,10110,14821,42572,57393
"NM",35,1,"2005",6015,32454,8379,10324,14394,42778,57172
"NM",35,1,"2006",6007,33306,7860,10085,13867,43391,57258
"NM",35,1,"2007",5902,33655,6235,11474,12137,45129,57266
"NM",35,1,"2008",6052,34555,6210,11542,12262,46097,58359
"NM",35,1,"2009",6604,37277,6526,12076,13130,49353,62483
"NM",35,1,"2010",6781,38673,6676,12775,13457,51448,64905
"NM",35,1,"2011",6688,37672,6871,13597,13559,51269,64828
"NM",35,1,"2012",6554,38393,6893,13833,13447,52226,65673
"NM",35,1,"2013",6529,37976,6703,13439,13232,51415,64647
"NM",35,1,"2014",6491,36656,6447,13120,12938,49776,62714
"NY",36,1,"1980",16128,207445,28917,67120,45045,274565,319610
"NY",36,1,"1984",16738,197322,30637,78704,47375,276026,323401
"NY",36,1,"1985",17284,193329,32680,71679,49964,265008,314972
"NY",36,1,"1986",18447,190365,35283,82990,53730,273355,327085
"NY",36,1,"1987",18821,190491,36711,84247,55532,274738,330270
"NY",36,1,"1988",21902,195836,39345,87043,61247,282879,344126
"NY",36,1,"1989",21413,197392,40839,89883,62252,287275,349527
"NY",36,1,"1990",22039,200764,42590,92074,64629,292838,357467
"NY",36,1,"1991",22496,199680,41333,87059,63829,286739,350568
"NY",36,1,"1992",22763,201601,40291,82773,63054,284374,347428
"NY",36,1,"1993",22573,203087,40698,78317,63271,281404,344675
"NY",36,1,"1994",22830,206179,41241,77964,64071,284143,348214
"NY",36,1,"1995",22064,201354,40760,74571,62824,275925,338749
"NY",36,1,"1996",22290,198924,39220,70884,61510,269808,331318
"NY",36,1,"1997",22140,199044,38602,69594,60742,268638,329380
"NY",36,1,"1998",22500,199605,39958,67019,62458,266624,329082
"NY",36,1,"1999",16885,201954,33187,65572,50072,267526,317598
"NY",36,1,"2000",23151,201741,41170,66028,64321,267769,332090
"NY",36,1,"2001",24310,207461,42915,65344,67225,272805,340030
"NY",36,1,"2002",26715,214336,44446,66694,71161,281030,352191
"NY",36,1,"2003",27614,220014,43063,64337,70677,284351,355028
"NY",36,1,"2004",26499,224475,42430,62489,68929,286964,355893
"NY",36,1,"2005",26768,229321,41739,62461,68507,291782,360289
"NY",36,1,"2006",28630,233320,39072,64006,67702,297326,365028
"NY",36,1,"2007",29483,242492,38691,66127,68174,308619,376793
"NY",36,1,"2008",29859,249798,40260,68870,70119,318668,388787
"NY",36,1,"2009",30842,260146,42138,67822,72980,327968,400948
"NY",36,1,"2010",31552,260808,42489,65629,74041,326437,400478
"NY",36,1,"2011",31076,262172,40658,68512,71734,330684,402418
"NY",36,1,"2012",30833,262399,38688,66892,69521,329291,398812
"NY",36,1,"2013",31380,263169,37557,66801,68937,329970,398907
"NY",36,1,"2014",30803,266901,37199,68316,68002,335217,403219
"NC",37,1,"1980",8084,83148,14451,15954,22535,99102,121637
"NC",37,1,"1984",8674,86136,13348,17771,22022,103907,125929
"NC",37,1,"1985",8796,87457,14081,18397,22877,105854,128731
"NC",37,1,"1986",9301,89925,14740,19178,24041,109103,133144
"NC",37,1,"1987",9113,91705,15217,19146,24330,110851,135181
"NC",37,1,"1988",9322,94505,15546,20652,24868,115157,140025
"NC",37,1,"1989",9970,97253,16061,21129,26031,118382,144413
"NC",37,1,"1990",10282,100116,15892,22408,26174,122524,148698
"NC",37,1,"1991",11182,102141,15786,23211,26968,125352,152320
"NC",37,1,"1992",11724,104305,16401,24138,28125,128443,156568
"NC",37,1,"1993",11816,104890,17315,21628,29131,126518,155649
"NC",37,1,"1994",12063,104830,18552,21000,30615,125830,156445
"NC",37,1,"1995",12414,105256,18295,21449,30709,126705,157414
"NC",37,1,"1996",12775,104985,17374,21405,30149,126390,156539
"NC",37,1,"1997",13403,106692,17526,21406,30929,128098,159027
"NC",37,1,"1998",13880,108084,17138,19856,31018,127940,158958
"NC",37,1,"1999",6541,109765,7551,19610,14092,129375,143467
"NC",37,1,"2000",15164,110931,16926,19740,32090,130671,162761
"NC",37,1,"2001",16070,115948,18155,19619,34225,135567,169792
"NC",37,1,"2002",17107,120495,19529,19836,36636,140331,176967
"NC",37,1,"2003",17781,125064,20413,20089,38194,145153,183347
"NC",37,1,"2004",18333,130008,21247,20027,39580,150035,189615
"NC",37,1,"2005",18853,135095,22366,19934,41219,155029,196248
"NC",37,1,"2006",19295,138972,22894,21220,42189,160192,202381
"NC",37,1,"2007",20307,143326,23300,22126,43607,165452,209059
"NC",37,1,"2008",21134,146981,24086,23491,45220,170472,215692
"NC",37,1,"2009",22191,152226,23998,23907,46189,176133,222322
"NC",37,1,"2010",22757,154094,23689,21187,46446,175281,221727
"NC",37,1,"2011",22978,153779,22522,21026,45500,174805,220305
"NC",37,1,"2012",23063,154488,22187,21272,45250,175760,221010
"NC",37,1,"2013",23546,153890,21247,21438,44793,175328,220121
"NC",37,1,"2014",23510,155558,20714,22186,44224,177744,221968
"ND",38,1,"1980",1182,20665,1638,3252,2820,23917,26737
"ND",38,1,"1984",1040,22731,2365,3742,3405,26473,29878
"ND",38,1,"1985",977,22862,2644,3196,3621,26058,29679
"ND",38,1,"1986",937,22200,2715,4143,3652,26343,29995
"ND",38,1,"1987",881,22563,2387,4056,3268,26619,29887
"ND",38,1,"1988",882,24013,1797,4119,2679,28132,30811
"ND",38,1,"1989",2283,24056,1576,4785,3859,28841,32700
"ND",38,1,"1990",1134,22871,1384,4549,2518,27420,29938
"ND",38,1,"1991",1167,22900,1571,4665,2738,27565,30303
"ND",38,1,"1992",1267,23535,1745,5036,3012,28571,31583
"ND",38,1,"1993",1246,23980,1709,4479,2955,28459,31414
"ND",38,1,"1994",1475,23427,1588,4613,3063,28040,31103
"ND",38,1,"1995",1455,23521,1629,4537,3084,28058,31142
"ND",38,1,"1996",1421,23466,1610,4472,3031,27938,30969
"ND",38,1,"1997",1374,22646,1543,3918,2917,26564,29481
"ND",38,1,"1998",1333,22526,1587,4346,2920,26872,29792
"ND",38,1,"1999",781,23039,687,4440,1468,27479,28947
"ND",38,1,"2000",1359,23338,1653,4358,3012,27696,30708
"ND",38,1,"2001",1435,24935,1838,4754,3273,29689,32962
"ND",38,1,"2002",1552,26028,2066,5273,3618,31301,34919
"ND",38,1,"2003",1771,26923,2271,5836,4042,32759,36801
"ND",38,1,"2004",1802,27528,2427,5838,4229,33366,37595
"ND",38,1,"2005",2182,26576,2493,5961,4675,32537,37212
"ND",38,1,"2006",2239,26359,2579,6026,4818,32385,37203
"ND",38,1,"2007",2261,26192,2704,6327,4965,32519,37484
"ND",38,1,"2008",2519,26875,2647,6152,5166,33027,38193
"ND",38,1,"2009",2620,27896,2994,6917,5614,34813,40427
"ND",38,1,"2010",2770,28685,3177,7476,5947,36161,42108
"ND",38,1,"2011",2763,28307,3368,7933,6131,36240,42371
"ND",38,1,"2012",2847,27979,3344,7891,6191,35870,42061
"ND",38,1,"2013",2990,27294,3573,7872,6563,35166,41729
"ND",38,1,"2014",2881,27023,3580,7966,6461,34989,41450
"OH",39,1,"1980",23718,168438,26017,59993,49735,228431,278166
"OH",39,1,"1984",23536,165877,24622,62427,48158,228304,276462
"OH",39,1,"1985",23437,167097,24865,59636,48302,226733,275035
"OH",39,1,"1986",23664,169783,25713,63884,49377,233667,283044
"OH",39,1,"1987",24057,175719,24746,63609,48803,239328,288131
"OH",39,1,"1988",24448,181395,25691,63212,50139,244607,294746
"OH",39,1,"1989",24450,184871,27060,63371,51510,248242,299752
"OH",39,1,"1990",25285,187912,27509,65676,52794,253588,306382
"OH",39,1,"1991",26572,186849,28928,65978,55500,252827,308327
"OH",39,1,"1992",26799,184571,27450,62804,54249,247375,301624
"OH",39,1,"1993",27491,180380,26393,60416,53884,240796,294680
"OH",39,1,"1994",28581,175418,24692,58171,53273,233589,286862
"OH",39,1,"1995",29064,171654,24729,56076,53793,227730,281523
"OH",39,1,"1996",28901,170212,23840,55842,52741,226054,278795
"OH",39,1,"1997",28912,168322,23197,55426,52109,223748,275857
"OH",39,1,"1998",27973,171450,23493,55044,51466,226494,277960
"OH",39,1,"1999",11482,174101,7031,52029,18513,226130,244643
"OH",39,1,"2000",27335,174263,23530,49194,50865,223457,274322
"OH",39,1,"2001",28553,180681,22109,48352,50662,229033,279695
"OH",39,1,"2002",29873,186481,22479,47942,52352,234423,286775
"OH",39,1,"2003",31368,191656,21996,44271,53364,235927,289291
"OH",39,1,"2004",31387,191332,23313,44942,54700,236274,290974
"OH",39,1,"2005",31974,191868,21907,43682,53881,235550,289431
"OH",39,1,"2006",33328,194495,21136,41634,54464,236129,290593
"OH",39,1,"2007",33945,198779,21074,41718,55019,240497,295516
"OH",39,1,"2008",33890,203635,24264,42745,58154,246380,304534
"OH",39,1,"2009",35341,216264,24949,45972,60290,262236,322526
"OH",39,1,"2010",36307,224908,25740,50633,62047,275541,337588
"OH",39,1,"2011",36038,220495,25731,58325,61769,278820,340589
"OH",39,1,"2012",36524,213755,24531,60857,61055,274612,335667
"OH",39,1,"2013",36429,212110,25368,61926,61797,274036,335833
"OH",39,1,"2014",35708,210573,27327,61272,63035,271845,334880
"OK",40,1,"1980",6687,60005,10749,14642,17436,74647,92083
"OK",40,1,"1984",6874,58097,12687,18773,19561,76870,96431
"OK",40,1,"1985",7007,57467,13852,17307,20859,74774,95633
"OK",40,1,"1986",7182,60319,14256,20406,21438,80725,102163
"OK",40,1,"1987",7244,60751,13325,20293,20569,81044,101613
"OK",40,1,"1988",6728,61720,13664,21038,20392,82758,103150
"OK",40,1,"1989",6728,61721,13664,21038,20392,82759,103151
"OK",40,1,"1990",6959,61019,13501,20199,20460,81218,101678
"OK",40,1,"1991",8528,67835,12361,16488,20889,84323,105212
"OK",40,1,"1992",7959,64813,13579,21301,21538,86114,107652
"OK",40,1,"1993",7742,63122,13312,22070,21054,85192,106246
"OK",40,1,"1994",7897,62970,13236,22737,21133,85707,106840
"OK",40,1,"1995",7740,62413,12685,21580,20425,83993,104418
"OK",40,1,"1996",7411,62652,12165,20812,19576,83464,103040
"OK",40,1,"1997",7751,62715,11949,20737,19700,83452,103152
"OK",40,1,"1998",8011,64032,12109,20669,20120,84701,104821
"OK",40,1,"1999",3998,64121,3236,21648,7234,85769,93003
"OK",40,1,"2000",7390,65251,9044,20246,16434,85497,101931
"OK",40,1,"2001",8696,68866,11311,20400,20007,89266,109273
"OK",40,1,"2002",8917,72813,11493,21555,20410,94368,114778
"OK",40,1,"2003",8826,75131,11139,22623,19965,97754,117719
"OK",40,1,"2004",8439,77122,11170,22383,19609,99505,119114
"OK",40,1,"2005",8363,76573,11065,23415,19428,99988,119416
"OK",40,1,"2006",8464,74607,10746,24301,19210,98908,118118
"OK",40,1,"2007",8563,73930,11164,23502,19727,97432,117159
"OK",40,1,"2008",8479,72914,11368,23936,19847,96850,116697
"OK",40,1,"2009",8760,75607,11720,25543,20480,101150,121630
"OK",40,1,"2010",10502,77301,10985,26503,21487,103804,125291
"OK",40,1,"2011",10548,78218,11027,26675,21575,104893,126468
"OK",40,1,"2012",10461,79084,11011,25809,21472,104893,126365
"OK",40,1,"2013",10276,77327,10912,26081,21188,103408,124596
"OK",40,1,"2014",10037,76844,10646,24817,20683,101661,122344
"OR",41,1,"1980",7526,41702,7142,9231,14668,50933,65601
"OR",41,1,"1984",7211,37590,5578,8214,12789,45804,58593
"OR",41,1,"1985",6976,38943,4970,8758,11946,47701,59647
"OR",41,1,"1986",6893,39925,4866,9900,11759,49825,61584
"OR",41,1,"1987",4428,40969,9984,11235,14412,52204,66616
"OR",41,1,"1988",7131,42808,7178,11315,14309,54123,68432
"OR",41,1,"1989",7210,41578,6559,11428,13769,53006,66775
"OR",41,1,"1990",7495,43326,6665,10114,14160,53440,67600
"OR",41,1,"1991",7717,40403,6734,10315,14451,50718,65169
"OR",41,1,"1992",7590,39256,7293,10715,14883,49971,64854
"OR",41,1,"1993",7475,38577,6525,10536,14000,49113,63113
"OR",41,1,"1994",7744,39005,6158,9744,13902,48749,62651
"OR",41,1,"1995",7743,39596,5825,9892,13568,49488,63056
"OR",41,1,"1996",7995,39816,6336,10266,14331,50082,64413
"OR",41,1,"1997",8071,40518,6343,10673,14414,51191,65605
"OR",41,1,"1998",7973,40860,6613,11152,14586,52012,66598
"OR",41,1,"1999",3555,42813,4602,11623,8157,54436,62593
"OR",41,1,"2000",8130,44062,6519,12457,14649,56519,71168
"OR",41,1,"2001",8662,47434,6566,12934,15228,60368,75596
"OR",41,1,"2002",9396,50191,7432,13372,16828,63563,80391
"OR",41,1,"2003",9671,50979,7238,14026,16909,65005,81914
"OR",41,1,"2004",9652,51106,7047,14710,16699,65816,82515
"OR",41,1,"2005",9778,50990,7080,15391,16858,66381,83239
"OR",41,1,"2006",9826,50657,7313,15525,17139,66182,83321
"OR",41,1,"2007",9648,51280,6994,16662,16642,67942,84584
"OR",41,1,"2008",9927,53961,7332,17455,17259,71416,88675
"OR",41,1,"2009",10521,58256,7393,17835,17914,76091,94005
"OR",41,1,"2010",10887,61323,7582,19326,18469,80649,99118
"OR",41,1,"2011",11122,63537,6988,21009,18110,84546,102656
"OR",41,1,"2012",11004,64502,6615,21342,17619,85844,103463
"OR",41,1,"2013",11172,64983,6590,22395,17762,87378,105140
"OR",41,1,"2014",11407,64081,6826,22121,18233,86202,104435
"PA",42,1,"1980",18832,136058,23428,30559,42260,166617,208877
"PA",42,1,"1984",15411,141393,19869,31982,35280,173375,208655
"PA",42,1,"1985",15644,140011,20582,27587,36226,167598,203824
"PA",42,1,"1986",15803,145518,20928,34845,36731,180363,217094
"PA",42,1,"1987",16370,150473,21724,34624,38094,185097,223191
"PA",42,1,"1988",16861,155592,22205,35173,39066,190765,229831
"PA",42,1,"1989",17551,161648,23204,37083,40755,198731,239486
"PA",42,1,"1990",17696,161444,24145,36884,41841,198328,240169
"PA",42,1,"1991",19018,164187,23720,34977,42738,199164,241902
"PA",42,1,"1992",19456,162926,23522,34364,42978,197290,240268
"PA",42,1,"1993",19665,159300,23356,32389,43021,191689,234710
"PA",42,1,"1994",19424,158120,23455,30871,42879,188991,231870
"PA",42,1,"1995",19366,161028,23550,30025,42916,191053,233969
"PA",42,1,"1996",19197,162394,22619,28539,41816,190933,232749
"PA",42,1,"1997",19341,165611,22038,27288,41379,192899,234278
"PA",42,1,"1998",19761,168356,22277,26938,42038,195294,237332
"PA",42,1,"1999",13594,170469,13878,25815,27472,196284,223756
"PA",42,1,"2000",20002,173081,22463,24410,42465,197491,239956
"PA",42,1,"2001",20571,177978,22298,24242,42869,202220,245089
"PA",42,1,"2002",22069,183474,23008,23891,45077,207365,252442
"PA",42,1,"2003",23145,186653,22263,23423,45408,210076,255484
"PA",42,1,"2004",23214,188822,21860,22464,45074,211286,256360
"PA",42,1,"2005",23320,190133,21019,21722,44339,211855,256194
"PA",42,1,"2006",23456,195614,21061,21977,44517,217591,262108
"PA",42,1,"2007",24131,199712,21108,21549,45239,221261,266500
"PA",42,1,"2008",25643,203792,20423,21184,46066,224976,271042
"PA",42,1,"2009",26765,210299,20490,20549,47255,230848,278103
"PA",42,1,"2010",27906,213736,19511,20618,47417,234354,281771
"PA",42,1,"2011",27517,213672,17526,20150,45043,233822,278865
"PA",42,1,"2012",27535,211037,19550,23419,47085,234456,281541
"PA",42,1,"2013",26970,210280,19503,23793,46473,234073,280546
"PA",42,1,"2014",27134,209015,19542,23919,46676,232934,279610
"RI",44,1,"1980",1263,12678,3478,5789,4741,18467,23208
"RI",44,1,"1984",1291,12251,2935,5713,4226,17964,22190
"RI",44,1,"1985",1306,12764,3106,5596,4412,18360,22772
"RI",44,1,"1986",1332,12771,3547,4765,4879,17536,22415
"RI",44,1,"1987",1358,13572,3465,4815,4823,18387,23210
"RI",44,1,"1988",1386,13977,3569,5342,4955,19319,24274
"RI",44,1,"1989",1500,14315,4101,5288,5601,19603,25204
"RI",44,1,"1990",1593,14643,4230,5264,5823,19907,25730
"RI",44,1,"1991",1619,14359,4094,5101,5713,19460,25173
"RI",44,1,"1992",1581,14259,4122,5316,5703,19575,25278
"RI",44,1,"1993",1545,13776,3951,5162,5496,18938,24434
"RI",44,1,"1994",1469,13188,3830,4888,5299,18076,23375
"RI",44,1,"1995",1445,12968,3589,4762,5034,17730,22764
"RI",44,1,"1996",1436,12503,3564,4748,5000,17251,22251
"RI",44,1,"1997",1419,12651,3567,4394,4986,17045,22031
"RI",44,1,"1998",1536,12846,4110,4510,5646,17356,23002
"RI",44,1,"1999",555,13188,1484,4220,2039,17408,19447
"RI",44,1,"2000",1674,13210,3637,4354,5311,17564,22875
"RI",44,1,"2001",1785,13508,3502,4131,5287,17639,22926
"RI",44,1,"2002",1824,13666,3232,4216,5056,17882,22938
"RI",44,1,"2003",1893,14397,3218,4206,5111,18603,23714
"RI",44,1,"2004",1935,14715,3011,3966,4946,18681,23627
"RI",44,1,"2005",1874,15076,3069,3947,4943,19023,23966
"RI",44,1,"2006",1839,15490,2705,3967,4544,19457,24001
"RI",44,1,"2007",1840,16292,2686,3874,4526,20166,24692
"RI",44,1,"2008",1853,16717,2742,3677,4595,20394,24989
"RI",44,1,"2009",1932,17617,2601,3499,4533,21116,25649
"RI",44,1,"2010",2024,17353,2554,3518,4578,20871,25449
"RI",44,1,"2011",1999,17466,2381,3515,4380,20981,25361
"RI",44,1,"2012",2064,17456,2327,3473,4391,20929,25320
"RI",44,1,"2013",2035,17429,2193,3430,4228,20859,25087
"RI",44,1,"2014",2080,17755,2025,3352,4105,21107,25212
"SC",45,1,"1980",4944,45151,8775,10172,13719,55323,69042
"SC",45,1,"1984",5523,44808,8829,10259,14352,55067,69419
"SC",45,1,"1985",5893,45065,8794,9706,14687,54771,69458
"SC",45,1,"1986",5989,45677,9666,9683,15655,55360,71015
"SC",45,1,"1987",6504,47729,11313,10141,17817,57870,75687
"SC",45,1,"1988",6431,49624,11843,12364,18274,61988,80262
"SC",45,1,"1989",6431,49624,11843,12364,18274,61988,80262
"SC",45,1,"1990",6816,54515,10167,10701,16983,65216,82199
"SC",45,1,"1991",7953,55684,10838,11525,18791,67209,86000
"SC",45,1,"1992",8381,55893,12814,11065,21195,66958,88153
"SC",45,1,"1993",8360,53471,14662,12961,23022,66432,89454
"SC",45,1,"1994",8290,53238,14482,12455,22772,65693,88465
"SC",45,1,"1995",8911,53695,13970,12384,22881,66079,88960
"SC",45,1,"1996",9251,54557,13111,11480,22362,66037,88399
"SC",45,1,"1997",9484,54714,12228,11060,21712,65774,87486
"SC",45,1,"1998",9570,55920,13014,10701,22584,66621,89205
"SC",45,1,"1999",4961,56851,8397,10372,13358,67223,80581
"SC",45,1,"2000",9308,57504,11822,9809,21130,67313,88443
"SC",45,1,"2001",9023,59138,10853,9321,19876,68459,88335
"SC",45,1,"2002",9591,61334,12120,9437,21711,70771,92482
"SC",45,1,"2003",9692,63158,11375,9023,21067,72181,93248
"SC",45,1,"2004",9970,64898,9795,8841,19765,73739,93504
"SC",45,1,"2005",10103,66758,10379,8563,20482,75321,95803
"SC",45,1,"2006",10210,67695,10235,8437,20445,76132,96577
"SC",45,1,"2007",10106,69285,9785,7937,19891,77222,97113
"SC",45,1,"2008",10485,71460,9002,7803,19487,79263,98750
"SC",45,1,"2009",10954,74095,8446,8012,19400,82107,101507
"SC",45,1,"2010",11578,75933,7930,7759,19508,83692,103200
"SC",45,1,"2011",11750,77615,7777,8433,19527,86048,105575
"SC",45,1,"2012",11641,79218,7990,8214,19631,87432,107063
"SC",45,1,"2013",12263,80099,7366,8005,19629,88104,107733
"SC",45,1,"2014",12422,81513,7717,8007,20139,89520,109659
"SD",46,1,"1980",383,12442,664,2716,1047,15158,16205
"SD",46,1,"1984",1213,16652,2280,3878,3493,20530,24023
"SD",46,1,"1985",1176,15891,2149,4123,3325,20014,23339
"SD",46,1,"1986",1274,15682,2237,4364,3511,20046,23557
"SD",46,1,"1987",1170,16008,2136,4833,3306,20841,24147
"SD",46,1,"1988",1135,16608,1749,4406,2884,21014,23898
"SD",46,1,"1989",1295,17025,2223,4532,3518,21557,25075
"SD",46,1,"1990",1351,17801,2363,4936,3714,22737,26451
"SD",46,1,"1991",1503,18854,2319,6061,3822,24915,28737
"SD",46,1,"1992",1622,19569,2858,6142,4480,25711,30191
"SD",46,1,"1993",1716,20917,2456,5387,4172,26304,30476
"SD",46,1,"1994",1629,20562,2467,5377,4096,25939,30035
"SD",46,1,"1995",1721,19802,2273,4915,3994,24717,28711
"SD",46,1,"1996",1744,18857,2192,4876,3936,23733,27669
"SD",46,1,"1997",1759,18672,2023,4707,3782,23379,27161
"SD",46,1,"1998",1540,17892,2681,5435,4221,23327,27548
"SD",46,1,"1999",678,17982,1155,5557,1833,23539,25372
"SD",46,1,"2000",1594,18060,3557,5712,5151,23772,28923
"SD",46,1,"2001",1665,18197,4550,6134,6215,24331,30546
"SD",46,1,"2002",1743,18585,3951,7243,5694,25828,31522
"SD",46,1,"2003",1777,19409,3092,7677,4869,27086,31955
"SD",46,1,"2004",1752,19241,2791,7683,4543,26924,31467
"SD",46,1,"2005",1751,19575,2828,7909,4579,27484,32063
"SD",46,1,"2006",1732,19637,3172,8069,4904,27706,32610
"SD",46,1,"2007",1786,19908,3468,8428,5254,28336,33590
"SD",46,1,"2008",1829,20300,3487,8880,5316,29180,34496
"SD",46,1,"2009",2032,20687,3277,9505,5309,30192,35501
"SD",46,1,"2010",2142,21401,4384,10204,6526,31605,38131
"SD",46,1,"2011",2044,21470,3363,10510,5407,31980,37387
"SD",46,1,"2012",2059,21061,3500,11218,5559,32279,37838
"SD",46,1,"2013",2135,21420,3533,10731,5668,32151,37819
"SD",46,1,"2014",2175,21279,3634,10808,5809,32087,37896
"TN",47,1,"1980",5736,67732,13963,18197,19699,85929,105628
"TN",47,1,"1984",5260,66041,12119,18391,17379,84432,101811
"TN",47,1,"1985",4945,63921,12380,18384,17325,82305,99630
"TN",47,1,"1986",5546,63115,11861,18226,17407,81341,98748
"TN",47,1,"1987",5906,62960,11714,20359,17620,83319,100939
"TN",47,1,"1988",5793,66776,11139,18310,16932,85086,102018
"TN",47,1,"1989",6174,68580,11347,19932,17521,88512,106033
"TN",47,1,"1990",6492,69876,11496,20295,17988,90171,108159
"TN",47,1,"1991",6897,71674,11728,20631,18625,92305,110930
"TN",47,1,"1992",7535,71863,11888,21811,19423,93674,113097
"TN",47,1,"1993",8119,71660,12346,21559,20465,93219,113684
"TN",47,1,"1994",8379,70870,12364,20443,20743,91313,112056
"TN",47,1,"1995",9159,72457,11657,19689,20816,92146,112962
"TN",47,1,"1996",9229,72838,11923,19385,21152,92223,113375
"TN",47,1,"1997",9235,75014,11635,18545,20870,93559,114429
"TN",47,1,"1998",9469,76371,11226,18228,20695,94599,115294
"TN",47,1,"1999",3499,78106,5159,17927,8658,96033,104691
"TN",47,1,"2000",9197,77783,10405,17035,19602,94818,114420
"TN",47,1,"2001",9213,79569,10738,17038,19951,96607,116558
"TN",47,1,"2002",11550,80968,10780,16503,22330,97471,119801
"TN",47,1,"2003",11727,81500,11008,16483,22735,97983,120718
"TN",47,1,"2004",11950,84192,11272,16991,23222,101183,124405
"TN",47,1,"2005",12046,85661,11589,16269,23635,101930,125565
"TN",47,1,"2006",12340,87509,11708,16948,24048,104457,128505
"TN",47,1,"2007",12691,90093,12038,17068,24729,107161,131890
"TN",47,1,"2008",13019,91457,12168,17333,25187,108790,133977
"TN",47,1,"2009",13838,95415,12101,18161,25939,113576,139515
"TN",47,1,"2010",13991,98800,12756,18994,26747,117794,144541
"TN",47,1,"2011",13585,99443,12604,20133,26189,119576,145765
"TN",47,1,"2012",13677,97106,11910,20015,25587,117121,142708
"TN",47,1,"2013",13478,95651,10974,19476,24452,115127,139579
"TN",47,1,"2014",13278,95373,10345,18801,23623,114174,137797
"TX",48,1,"1980",34370,211137,40524,66938,74894,278075,352969
"TX",48,1,"1984",39530,221117,50085,77628,89615,298745,388360
"TX",48,1,"1985",37473,216384,49899,72217,87372,288601,375973
"TX",48,1,"1986",39960,201502,56637,75548,96597,277050,373647
"TX",48,1,"1987",37482,219378,49299,76924,86781,296302,383083
"TX",48,1,"1988",40186,229179,47223,82003,87409,311182,398591
"TX",48,1,"1989",42384,236451,47637,90471,90021,326922,416943
"TX",48,1,"1990",43753,243672,47213,89516,90966,333188,424154
"TX",48,1,"1991",44577,243691,46366,92038,90943,335729,426672
"TX",48,1,"1992",46230,240716,45436,95687,91666,336403,428069
"TX",48,1,"1993",46658,240032,45802,95995,92460,336027,428487
"TX",48,1,"1994",47040,240856,46342,97487,93382,338343,431725
"TX",48,1,"1995",46901,241402,45458,92596,92359,333998,426357
"TX",48,1,"1996",46396,243720,45458,90041,91854,333761,425615
"TX",48,1,"1997",45993,245766,45746,88917,91739,334683,426422
"TX",48,1,"1998",46085,252639,46056,86954,92141,339593,431734
"TX",48,1,"1999",24876,257427,36328,88168,61204,345595,406799
"TX",48,1,"2000",47240,267145,47151,92633,94391,359778,454169
"TX",48,1,"2001",49610,279146,47951,94810,97561,373956,471517
"TX",48,1,"2002",54412,291296,52715,95541,107127,386837,493964
"TX",48,1,"2003",57644,304224,52330,101501,109974,405725,515699
"TX",48,1,"2004",58529,314709,53739,101430,112268,416139,528407
"TX",48,1,"2005",57891,316394,53596,107117,111487,423511,534998
"TX",48,1,"2006",58674,321434,53334,110642,112008,432076,544084
"TX",48,1,"2007",59784,323821,54821,114290,114605,438111,552716
"TX",48,1,"2008",61589,328514,57997,118618,119586,447132,566718
"TX",48,1,"2009",66308,341899,59369,125029,125677,466928,592605
"TX",48,1,"2010",70582,356973,63367,129309,133949,486282,620231
"TX",48,1,"2011",73227,367325,62457,131356,135684,498681,634365
"TX",48,1,"2012",73616,373274,61943,133706,135559,506980,642539
"TX",48,1,"2013",75117,379691,61669,137518,136786,517209,653995
"TX",48,1,"2014",81939,388433,63991,143000,145930,531433,677363
"UT",49,1,"1980",3049,34681,3152,11610,6201,46291,52492
"UT",49,1,"1984",3828,34766,2432,16787,6260,51553,57813
"UT",49,1,"1985",3829,34338,2920,18662,6749,53000,59749
"UT",49,1,"1986",4127,34438,3319,20597,7446,55035,62481
"UT",49,1,"1987",4084,35594,3812,19652,7896,55246,63142
"UT",49,1,"1988",3896,36234,3488,19556,7384,55790,63174
"UT",49,1,"1989",4006,38165,3269,20839,7275,59004,66279
"UT",49,1,"1990",4050,39903,3444,22411,7494,62314,69808
"UT",49,1,"1991",4275,43224,3320,25256,7595,68480,76075
"UT",49,1,"1992",4466,46446,3147,23132,7613,69578,77191
"UT",49,1,"1993",4513,47540,3401,24531,7914,72071,79985
"UT",49,1,"1994",4805,49483,4608,28028,9413,77511,86924
"UT",49,1,"1995",4907,50947,4077,27569,8984,78516,87500
"UT",49,1,"1996",5003,49105,4445,30626,9448,79731,89179
"UT",49,1,"1997",4960,51342,4075,31088,9035,82430,91465
"UT",49,1,"1998",4085,49713,3914,32295,7999,82008,90007
"UT",49,1,"1999",1790,52081,2998,35739,4788,87820,92608
"UT",49,1,"2000",4792,53868,4456,35630,9248,89498,98746
"UT",49,1,"2001",5231,58169,4428,39515,9659,97684,107343
"UT",49,1,"2002",5522,61155,3777,39331,9299,100486,109785
"UT",49,1,"2003",5124,60606,3970,34239,9094,94845,103939
"UT",49,1,"2004",5965,60287,3414,36057,9379,96344,105723
"UT",49,1,"2005",6135,58537,2788,39015,8923,97552,106475
"UT",49,1,"2006",5993,56495,3082,37905,9075,94400,103475
"UT",49,1,"2007",6141,57278,3209,34611,9350,91889,101239
"UT",49,1,"2008",6271,59392,3389,39742,9660,99134,108794
"UT",49,1,"2009",6739,65110,3703,41252,10442,106362,116804
"UT",49,1,"2010",7076,70259,3730,43907,10806,114166,124972
"UT",49,1,"2011",7164,74131,5094,51983,12258,126114,138372
"UT",49,1,"2012",7319,75392,5055,53238,12374,128630,141004
"UT",49,1,"2013",7388,72441,5203,51276,12591,123717,136308
"UT",49,1,"2014",7440,73861,5069,51098,12509,124959,137468
"VT",50,1,"1980",804,11323,856,3039,1660,14362,16022
"VT",50,1,"1984",852,11246,1116,2634,1968,13880,15848
"VT",50,1,"1985",811,11204,1028,2817,1839,14021,15860
"VT",50,1,"1986",799,11491,902,2555,1701,14046,15747
"VT",50,1,"1987",829,11612,939,2727,1768,14339,16107
"VT",50,1,"1988",832,11710,1096,2864,1928,14574,16502
"VT",50,1,"1989",882,12054,1161,2947,2043,15001,17044
"VT",50,1,"1990",902,12164,1146,2803,2048,14967,17015
"VT",50,1,"1991",957,12357,1123,2722,2080,15079,17159
"VT",50,1,"1992",912,11980,1123,2655,2035,14635,16670
"VT",50,1,"1993",976,11669,1049,2554,2025,14223,16248
"VT",50,1,"1994",988,11422,988,2475,1976,13897,15873
"VT",50,1,"1995",948,11400,963,2524,1911,13924,15835
"VT",50,1,"1996",992,11312,892,2382,1884,13694,15578
"VT",50,1,"1997",972,11694,940,2441,1912,14135,16047
"VT",50,1,"1998",959,11594,855,2483,1814,14077,15891
"VT",50,1,"1999",450,11504,286,2495,736,13999,14735
"VT",50,1,"2000",961,11309,856,2483,1817,13792,15609
"VT",50,1,"2001",944,11473,885,2561,1829,14034,15863
"VT",50,1,"2002",1007,11853,835,2561,1842,14414,16256
"VT",50,1,"2003",1067,12378,1124,2694,2191,15072,17263
"VT",50,1,"2004",1097,12672,1075,2517,2172,15189,17361
"VT",50,1,"2005",1133,13487,1452,2503,2585,15990,18575
"VT",50,1,"2006",1113,13916,1245,2518,2358,16434,18792
"VT",50,1,"2007",1077,14337,1194,2613,2271,16950,19221
"VT",50,1,"2008",1198,14917,1120,2585,2318,17502,19820
"VT",50,1,"2009",1284,15606,1301,2538,2585,18144,20729
"VT",50,1,"2010",1268,15704,1202,2612,2470,18316,20786
"VT",50,1,"2011",1342,15566,1126,2520,2468,18086,20554
"VT",50,1,"2012",1378,15221,944,2647,2322,17868,20190
"VT",50,1,"2013",1299,14880,929,2544,2228,17424,19652
"VT",50,1,"2014",1320,14697,983,2624,2303,17321,19624
"VA",51,1,"1980",12578,85488,18549,18988,31127,104476,135603
"VA",51,1,"1984",13418,89706,17000,18672,30418,108378,138796
"VA",51,1,"1985",13902,91260,17794,18792,31696,110052,141748
"VA",51,1,"1986",14588,92126,22138,19490,36726,111616,148342
"VA",51,1,"1987",15183,95354,21735,19747,36918,115101,152019
"VA",51,1,"1988",15641,98416,21282,19274,36923,117690,154613
"VA",51,1,"1989",16397,101178,22312,18812,38709,119990,158699
"VA",51,1,"1990",16880,102338,23043,18422,39923,120760,160683
"VA",51,1,"1991",18057,103830,23057,18770,41114,122600,163714
"VA",51,1,"1992",18698,102902,23281,19068,41979,121970,163949
"VA",51,1,"1993",19105,101546,23510,18957,42615,120503,163118
"VA",51,1,"1994",19510,100876,23944,18655,43454,119531,162985
"VA",51,1,"1995",20075,101981,24722,18558,44797,120539,165336
"VA",51,1,"1996",19967,104179,25310,18885,45277,123064,168341
"VA",51,1,"1997",20182,105750,26006,19751,46188,125501,171689
"VA",51,1,"1998",19781,108390,25913,19370,45694,127760,173454
"VA",51,1,"1999",7612,110352,7879,20983,15491,131335,146826
"VA",51,1,"2000",19381,111098,25241,20720,44622,131818,176440
"VA",51,1,"2001",19702,114375,26565,20796,46267,135171,181438
"VA",51,1,"2002",20345,118054,27798,20430,48143,138484,186627
"VA",51,1,"2003",21117,120332,28643,18899,49760,139231,188991
"VA",51,1,"2004",21330,122587,28602,17835,49932,140422,190354
"VA",51,1,"2005",21728,125940,28602,18678,50330,144618,194948
"VA",51,1,"2006",22763,128948,28148,18146,50911,147094,198005
"VA",51,1,"2007",23668,131984,28332,18662,52000,150646,202646
"VA",51,1,"2008",24084,136314,27803,18546,51887,154860,206747
"VA",51,1,"2009",25451,140434,27005,18160,52456,158594,211050
"VA",51,1,"2010",26328,143015,25310,18137,51638,161152,212790
"VA",51,1,"2011",27080,145425,23621,18780,50701,164205,214906
"VA",51,1,"2012",27296,147254,21598,19178,48894,166432,215326
"VA",51,1,"2013",27509,148846,19926,19089,47435,167935,215370
"VA",51,1,"2014",27008,149867,18626,18890,45634,168757,214391
"WA",53,1,"1980",11064,80450,7048,19189,18112,99639,117751
"WA",53,1,"1984",10571,82197,5831,37339,16402,119536,135938
"WA",53,1,"1985",10703,80599,5585,30710,16288,111309,127597
"WA",53,1,"1986",9759,79091,4222,47285,13981,126376,140357
"WA",53,1,"1987",9874,79759,4167,47500,14041,127259,141300
"WA",53,1,"1988",10066,80691,4378,48238,14444,128929,143373
"WA",53,1,"1989",9582,82582,3435,50415,13017,132997,146014
"WA",53,1,"1990",10008,87197,3870,56678,13878,143875,157753
"WA",53,1,"1991",10481,87799,3894,55650,14375,143449,157824
"WA",53,1,"1992",10631,89848,3736,56073,14367,145921,160288
"WA",53,1,"1993",10724,92698,3678,59054,14402,151752,166154
"WA",53,1,"1994",10989,96284,3651,57682,14640,153966,168606
"WA",53,1,"1995",11298,96895,3420,56022,14718,152917,167635
"WA",53,1,"1996",11288,97420,3486,58470,14774,155890,170664
"WA",53,1,"1997",11871,98916,3754,58052,15625,156968,172593
"WA",53,1,"1998",12067,97927,3903,55976,15970,153903,169873
"WA",53,1,"1999",3884,98873,1343,57179,5227,156052,161279
"WA",53,1,"2000",12545,101261,4111,57147,16656,158408,175064
"WA",53,1,"2001",12787,104808,4365,56829,17152,161637,178789
"WA",53,1,"2002",13782,110027,4873,62399,18655,172426,191081
"WA",53,1,"2003",14191,111783,5133,60759,19324,172542,191866
"WA",53,1,"2004",14217,111440,5349,61449,19566,172889,192455
"WA",53,1,"2005",14607,111563,5276,61135,19883,172698,192581
"WA",53,1,"2006",14283,113213,5532,60312,19815,173525,193340
"WA",53,1,"2007",14252,114956,5502,63239,19754,178195,197949
"WA",53,1,"2008",13021,120496,5672,62121,18693,182617,201310
"WA",53,1,"2009",16076,130485,6076,60308,22152,190793,212945
"WA",53,1,"2010",16081,131380,6047,58304,22128,189684,211812
"WA",53,1,"2011",16414,132302,5800,53258,22214,185560,207774
"WA",53,1,"2012",16866,132624,5975,50116,22841,182740,205581
"WA",53,1,"2013",17180,134852,5779,49112,22959,183964,206923
"WA",53,1,"2014",17494,135403,5788,51698,23282,187101,210383
"WV",54,1,"1980",2940,37025,6603,14963,9543,51988,61531
"WV",54,1,"1984",3214,37576,4326,14654,7540,52230,59770
"WV",54,1,"1985",3135,36566,4044,13885,7179,50451,57630
"WV",54,1,"1986",3134,36739,3789,15206,6923,51945,58868
"WV",54,1,"1987",3118,37821,3688,15191,6806,53012,59818
"WV",54,1,"1988",3230,40259,4000,14948,7230,55207,62437
"WV",54,1,"1989",3389,42884,3871,14393,7260,57277,64537
"WV",54,1,"1990",3508,43909,4091,14652,7599,58561,66160
"WV",54,1,"1991",3942,45175,5192,14719,9134,59894,69028
"WV",54,1,"1992",4196,45286,5535,14839,9731,60125,69856
"WV",54,1,"1993",4390,44213,6084,13866,10474,58079,68553
"WV",54,1,"1994",4585,43529,5163,13955,9748,57484,67232
"WV",54,1,"1995",4416,43195,4593,14096,9009,57291,66300
"WV",54,1,"1996",4476,43318,4947,13897,9423,57215,66638
"WV",54,1,"1997",4891,44343,7016,14383,11907,58726,70633
"WV",54,1,"1998",4836,45120,6801,14109,11637,59229,70866
"WV",54,1,"1999",1615,45684,39,14755,1654,60439,62093
"WV",54,1,"2000",5167,46041,5676,14192,10843,60233,71076
"WV",54,1,"2001",5379,47289,5763,14211,11142,61500,72642
"WV",54,1,"2002",5863,48436,5631,14413,11494,62849,74343
"WV",54,1,"2003",6146,48569,5177,12848,11323,61417,72740
"WV",54,1,"2004",6131,46734,5125,10900,11256,57634,68890
"WV",54,1,"2005",6400,46553,5139,9249,11539,55802,67341
"WV",54,1,"2006",6668,47303,5189,9797,11857,57100,68957
"WV",54,1,"2007",6910,47665,5558,9373,12468,57038,69506
"WV",54,1,"2008",7141,48308,5453,9136,12594,57444,70038
"WV",54,1,"2009",7462,49735,5393,10215,12855,59950,72805
"WV",54,1,"2010",7623,51483,5049,9216,12672,60699,73371
"WV",54,1,"2011",7492,51290,4912,9271,12404,60561,72965
"WV",54,1,"2012",7579,50714,4836,8727,12415,59441,71856
"WV",54,1,"2013",7621,49321,4486,8875,12107,58196,70303
"WV",54,1,"2014",7875,47625,4414,8807,12289,56432,68721
"WI",55,1,"1980",11546,99430,13456,21797,25002,121227,146229
"WI",55,1,"1984",11721,105616,12871,21676,24592,127292,151884
"WI",55,1,"1985",11704,107263,13579,21956,25283,129219,154502
"WI",55,1,"1986",11619,111869,13311,28127,24930,139996,164926
"WI",55,1,"1987",11724,111281,12698,26447,24422,137728,162150
"WI",55,1,"1988",11807,112171,10621,27158,22428,139329,161757
"WI",55,1,"1989",11807,112574,10621,28009,22428,140583,163011
"WI",55,1,"1990",12548,111315,13025,28213,25573,139528,165101
"WI",55,1,"1991",12754,107351,13188,32812,25942,140163,166105
"WI",55,1,"1992",12981,104722,12418,30968,25399,135690,161089
"WI",55,1,"1993",13041,106784,11772,29179,24813,135963,160776
"WI",55,1,"1994",13027,100384,11279,30459,24306,130843,155149
"WI",55,1,"1995",12748,102264,9735,27249,22483,129513,151996
"WI",55,1,"1996",12282,103639,10294,26840,22576,130479,153055
"WI",55,1,"1997",12023,106142,10363,26833,22386,132975,155361
"WI",55,1,"1998",11945,108992,10304,26472,22249,135464,157713
"WI",55,1,"1999",5221,110584,8419,27148,13640,137732,151372
"WI",55,1,"2000",12269,112412,9913,27101,22182,139513,161695
"WI",55,1,"2001",12348,114376,10238,26582,22586,140958,163544
"WI",55,1,"2002",12628,117057,10851,25618,23479,142675,166154
"WI",55,1,"2003",13248,116915,10622,24338,23870,141253,165123
"WI",55,1,"2004",13231,118067,10257,23237,23488,141304,164792
"WI",55,1,"2005",13205,120538,10273,23680,23478,144218,167696
"WI",55,1,"2006",13297,121247,10751,26561,24048,147808,171856
"WI",55,1,"2007",13445,124035,11150,26381,24595,150416,175011
"WI",55,1,"2008",13497,125456,10830,26664,24327,152120,176447
"WI",55,1,"2009",14099,128480,10974,28177,25073,156657,181730
"WI",55,1,"2010",14451,130042,10651,30024,25102,160066,185168
"WI",55,1,"2011",14682,129374,10037,28547,24719,157921,182640
"WI",55,1,"2012",14503,129353,9348,29233,23851,158586,182437
"WI",55,1,"2013",14345,127860,9378,29035,23723,156895,180618
"WI",55,1,"2014",14399,126793,9554,32207,23953,159000,182953
"WY",56,1,"1980",932,6655,816,611,1748,7266,9014
"WY",56,1,"1984",1059,7455,864,709,1923,8164,10087
"WY",56,1,"1985",1021,7258,1002,842,2023,8100,10123
"WY",56,1,"1986",909,7128,997,946,1906,8074,9980
"WY",56,1,"1987",907,7389,1006,1099,1913,8488,10401
"WY",56,1,"1988",1019,7869,827,1058,1846,8927,10773
"WY",56,1,"1989",994,8293,2017,1031,3011,9324,12335
"WY",56,1,"1990",1045,8170,2069,1233,3114,9403,12517
"WY",56,1,"1991",1117,8152,2092,1285,3209,9437,12646
"WY",56,1,"1992",1139,7888,1618,1399,2757,9287,12044
"WY",56,1,"1993",1190,7535,1799,1488,2989,9023,12012
"WY",56,1,"1994",1225,7717,1686,1394,2911,9111,12022
"WY",56,1,"1995",1146,7617,1410,1188,2556,8805,11361
"WY",56,1,"1996",1062,7574,1369,1246,2431,8820,11251
"WY",56,1,"1997",1119,7291,1408,1276,2527,8567,11094
"WY",56,1,"1998",1164,7386,1362,1212,2526,8598,11124
"WY",56,1,"1999",429,7183,0,1255,429,8438,8867
"WY",56,1,"2000",1208,7190,1985,1360,3193,8550,11743
"WY",56,1,"2001",1315,7351,2144,1556,3459,8907,12366
"WY",56,1,"2002",1273,7598,2222,1652,3495,9250,12745
"WY",56,1,"2003",1310,7605,2435,1780,3745,9385,13130
"WY",56,1,"2004",1290,7762,2328,1827,3618,9589,13207
"WY",56,1,"2005",1262,7699,2354,1811,3616,9510,13126
"WY",56,1,"2006",1304,7713,2431,1755,3735,9468,13203
"WY",56,1,"2007",1322,7795,2061,1697,3383,9492,12875
"WY",56,1,"2008",1326,7925,1197,1619,2523,9544,12067
"WY",56,1,"2009",1482,8128,1197,1620,2679,9748,12427
"WY",56,1,"2010",1584,8360,1248,1719,2832,10079,12911
"WY",56,1,"2011",1594,8354,1168,1809,2762,10163,12925
"WY",56,1,"2012",1583,8311,1126,1883,2709,10194,12903
"WY",56,1,"2013",1488,8255,1173,1862,2661,10117,12778
"WY",56,1,"2014",1552,8272,1144,1852,2696,10124,12820
,60,1,"1980",0,538,0,438,0,976,976
,60,1,"1984",0,409,0,462,0,871,871
,60,1,"1985",0,369,0,389,0,758,758
,60,1,"1986",0,360,0,399,0,759,759
,60,1,"1987",0,384,0,513,0,897,897
,60,1,"1988",0,360,0,399,0,759,759
,60,1,"1989",0,458,0,553,0,1011,1011
,60,1,"1990",0,817,0,402,0,1219,1219
,60,1,"1991",0,861,0,406,0,1267,1267
,60,1,"1992",0,894,0,401,0,1295,1295
,60,1,"1993",0,877,0,387,0,1264,1264
,60,1,"1994",0,871,0,378,0,1249,1249
,60,1,"1995",0,864,0,368,0,1232,1232
,60,1,"1996",0,877,0,362,0,1239,1239
,60,1,"1997",0,899,0,349,0,1248,1248
,60,1,"1998",0,495,0,414,0,909,909
,60,1,"1999",0,565,0,607,0,1172,1172
,60,1,"2000",0,172,0,125,0,297,297
,60,1,"2001",0,657,0,521,0,1178,1178
,60,1,"2002",0,634,0,733,0,1367,1367
,60,1,"2003",0,807,0,730,0,1537,1537
,60,1,"2004",0,749,0,801,0,1550,1550
,60,1,"2005",0,765,0,814,0,1579,1579
,60,1,"2006",0,815,0,792,0,1607,1607
,60,1,"2007",0,837,0,930,0,1767,1767
,60,1,"2008",0,719,0,1087,0,1806,1806
,60,1,"2009",0,992,0,1197,0,2189,2189
,60,1,"2010",0,811,0,1382,0,2193,2193
,60,1,"2011",0,1024,0,1067,0,2091,2091
,60,1,"2012",0,562,0,1233,0,1795,1795
,60,1,"2013",0,735,0,753,0,1488,1488
,60,1,"2014",0,716,0,560,0,1276,1276
,66,1,"1980",68,1506,499,1144,567,2650,3217
,66,1,"1984",76,1714,296,606,372,2320,2692
,66,1,"1985",67,1748,263,691,330,2439,2769
,66,1,"1986",71,1685,348,552,419,2237,2656
,66,1,"1987",46,1328,218,618,264,1946,2210
,66,1,"1988",47,1331,168,550,215,1881,2096
,66,1,"1989",32,1467,193,693,225,2160,2385
,66,1,"1990",38,1640,143,770,181,2410,2591
,66,1,"1991",68,1923,166,829,234,2752,2986
,66,1,"1992",70,1863,194,1029,264,2892,3156
,66,1,"1993",91,2298,230,1078,321,3376,3697
,66,1,"1994",86,2484,311,1183,397,3667,4064
,66,1,"1995",37,2186,329,1102,366,3288,3654
,66,1,"1996",80,2026,269,1008,349,3034,3383
,66,1,"1997",74,2083,314,1082,388,3165,3553
,66,1,"1998",110,2275,298,1065,408,3340,3748
,66,1,"1999",122,2469,320,983,442,3452,3894
,66,1,"2000",84,2211,385,912,469,3123,3592
,66,1,"2001",80,2025,261,898,341,2923,3264
,66,1,"2002",85,1901,350,816,435,2717,3152
,66,1,"2003",78,1911,187,812,265,2723,2988
,66,1,"2004",51,1862,174,836,225,2698,2923
,66,1,"2005",50,2042,164,778,214,2820,3034
,66,1,"2006",77,2105,176,818,253,2923,3176
,66,1,"2007",97,2180,165,840,262,3020,3282
,66,1,"2008",112,2229,181,865,293,3094,3387
,66,1,"2009",107,2511,164,768,271,3279,3550
,66,1,"2010",155,2549,173,762,328,3311,3639
,66,1,"2011",177,2529,171,844,348,3373,3721
,66,1,"2012",143,2551,148,860,291,3411,3702
,66,1,"2013",103,2690,201,842,304,3532,3836
,66,1,"2014",118,2801,180,859,298,3660,3958
,69,1,"1980",0,0,0,0,0,0,0
,69,1,"1984",0,44,0,387,0,431,431
,69,1,"1985",0,97,0,118,0,215,215
,69,1,"1986",0,204,0,310,0,514,514
,69,1,"1987",0,110,0,256,0,366,366
,69,1,"1988",0,114,0,238,0,352,352
,69,1,"1989",0,129,0,290,0,419,419
,69,1,"1990",0,232,0,429,0,661,661
,69,1,"1991",0,306,0,541,0,847,847
,69,1,"1992",0,314,0,482,0,796,796
,69,1,"1993",0,345,0,916,0,1261,1261
,69,1,"1994",0,350,0,903,0,1253,1253
,69,1,"1995",0,456,0,503,0,959,959
,69,1,"1996",0,490,0,606,0,1096,1096
,69,1,"1997",0,483,0,653,0,1136,1136
,69,1,"1998",0,470,0,769,0,1239,1239
,69,1,"1999",0,533,0,547,0,1080,1080
,69,1,"2000",0,520,0,558,0,1078,1078
,69,1,"2001",0,417,0,565,0,982,982
,69,1,"2002",0,783,0,516,0,1299,1299
,69,1,"2003",0,838,0,399,0,1237,1237
,69,1,"2004",0,816,0,285,0,1101,1101
,69,1,"2005",0,742,0,225,0,967,967
,69,1,"2006",0,721,0,247,0,968,968
,69,1,"2007",0,659,0,242,0,901,901
,69,1,"2008",0,568,0,223,0,791,791
,69,1,"2009",0,771,0,218,0,989,989
,69,1,"2010",0,960,0,177,0,1137,1137
,69,1,"2011",0,920,0,126,0,1046,1046
,69,1,"2012",0,1009,0,169,0,1178,1178
,69,1,"2013",0,914,0,195,0,1109,1109
,69,1,"2014",0,984,0,202,0,1186,1186
"PR",72,1,"1980",2900,30461,2786,6291,5686,36752,42438
"PR",72,1,"1984",3402,41987,2177,8218,5579,50205,55784
"PR",72,1,"1985",3526,41988,2098,8629,5624,50617,56241
"PR",72,1,"1986",3509,43251,2320,8535,5829,51786,57615
"PR",72,1,"1987",2921,43837,2727,8379,5648,52216,57864
"PR",72,1,"1988",3295,44066,2633,8453,5928,52519,58447
"PR",72,1,"1989",1646,43449,2982,8866,4628,52315,56943
"PR",72,1,"1990",3224,41708,2617,8022,5841,49730,55571
"PR",72,1,"1991",3046,41693,2459,7701,5505,49394,54899
"PR",72,1,"1992",3078,40952,2641,8245,5719,49197,54916
"PR",72,1,"1993",3751,40987,2224,8873,5975,49860,55835
"PR",72,1,"1994",3116,42393,2255,8906,5371,51299,56670
"PR",72,1,"1995",3465,48701,2427,9137,5892,57838,63730
"PR",72,1,"1996",3718,52103,2053,9260,5771,61363,67134
"PR",72,1,"1997",3637,52512,2439,9439,6076,61951,68027
"PR",72,1,"1998",4514,54373,1657,9732,6171,64105,70276
"PR",72,1,"1999",1901,52703,134,8786,2035,61489,63524
"PR",72,1,"2000",4289,53639,1905,10372,6194,64011,70205
"PR",72,1,"2001",4171,53219,2300,10567,6471,63786,70257
"PR",72,1,"2002",4845,53366,1829,11102,6674,64468,71142
"PR",72,1,"2003",4223,51574,2752,11252,6975,62826,69801
"PR",72,1,"2004",5372,50824,1617,10271,6989,61095,68084
"PR",72,1,"2005",5419,48831,1627,9856,7046,58687,65733
"PR",72,1,"2006",5201,48443,1694,8713,6895,57156,64051
"PR",72,1,"2007",5187,49908,1493,8501,6680,58409,65089
"PR",72,1,"2008",5216,52195,1233,7742,6449,59937,66386
"PR",72,1,"2009",5415,54117,1164,7720,6579,61837,68416
"PR",72,1,"2010",5267,51261,1130,6747,6397,58008,64405
"PR",72,1,"2011",5172,48289,711,5107,5883,53396,59279
"PR",72,1,"2012",5261,47920,762,5460,6023,53380,59403
"PR",72,1,"2013",5301,47876,769,5831,6070,53707,59777
"PR",72,1,"2014",5269,48180,839,5627,6108,53807,59915
,78,1,"1980",0,506,219,1423,219,1929,2148
,78,1,"1984",0,765,173,1882,173,2647,2820
,78,1,"1985",0,686,181,1705,181,2391,2572
,78,1,"1986",0,757,174,1564,174,2321,2495
,78,1,"1987",0,785,184,1576,184,2361,2545
,78,1,"1988",0,751,202,1518,202,2269,2471
,78,1,"1989",0,861,277,1559,277,2420,2697
,78,1,"1990",6,679,133,866,139,1545,1684
,78,1,"1991",5,712,128,952,133,1664,1797
,78,1,"1992",14,806,153,883,167,1689,1856
,78,1,"1993",20,895,144,808,164,1703,1867
,78,1,"1994",18,943,148,806,166,1749,1915
,78,1,"1995",27,964,135,790,162,1754,1916
,78,1,"1996",19,889,103,719,122,1608,1730
,78,1,"1997",17,824,105,652,122,1476,1598
,78,1,"1998",22,821,76,684,98,1505,1603
,78,1,"1999",22,791,87,697,109,1488,1597
,78,1,"2000",14,726,79,549,93,1275,1368
,78,1,"2001",11,727,105,529,116,1256,1372
,78,1,"2002",21,750,151,554,172,1304,1476
,78,1,"2003",21,792,154,647,175,1439,1614
,78,1,"2004",21,816,114,614,135,1430,1565
,78,1,"2005",36,1227,171,958,207,2185,2392
,78,1,"2006",30,1263,186,1009,216,2272,2488
,78,1,"2007",29,1267,179,909,208,2176,2384
,78,1,"2008",45,1385,136,827,181,2212,2393
,78,1,"2009",38,1542,133,889,171,2431,2602
,78,1,"2010",54,1601,159,919,213,2520,2733
,78,1,"2011",60,1453,155,946,215,2399,2614
,78,1,"2012",50,1421,133,819,183,2240,2423
,78,1,"2013",62,1334,116,809,178,2143,2321
,78,1,"2014",44,1369,126,741,170,2110,2280
"AL",1,2,"1980",1227,14374,408,2161,1635,16535,18170
"AL",1,2,"1984",1262,13845,507,2233,1769,16078,17847
"AL",1,2,"1985",1283,13195,468,2137,1751,15332,17083
"AL",1,2,"1986",1264,13030,577,2178,1841,15208,17049
"AL",1,2,"1987",1305,13622,545,2313,1850,15935,17785
"AL",1,2,"1988",1453,14109,670,2850,2123,16959,19082
"AL",1,2,"1989",1191,13738,779,2158,1970,15896,17866
"AL",1,2,"1990",1578,14449,725,2428,2303,16877,19180
"AL",1,2,"1991",1545,14593,795,2200,2340,16793,19133
"AL",1,2,"1992",1681,16061,802,2674,2483,18735,21218
"AL",1,2,"1993",1721,16402,952,2711,2673,19113,21786
"AL",1,2,"1994",1929,16519,1131,2465,3060,18984,22044
"AL",1,2,"1995",2130,15827,1340,2652,3470,18479,21949
"AL",1,2,"1996",2262,15952,1114,2541,3376,18493,21869
"AL",1,2,"1997",2331,15932,1122,2610,3453,18542,21995
"AL",1,2,"1998",2238,16279,1076,2476,3314,18755,22069
"AL",1,2,"1999",1870,16854,734,2350,2604,19204,21808
"AL",1,2,"2000",2101,16967,1200,2164,3301,19131,22432
"AL",1,2,"2001",1985,17300,1217,2529,3202,19829,23031
"AL",1,2,"2002",2068,17609,1374,2453,3442,20062,23504
"AL",1,2,"2003",2102,16955,1431,2430,3533,19385,22918
"AL",1,2,"2004",2242,17122,1365,2258,3607,19380,22987
"AL",1,2,"2005",2234,16939,1440,2207,3674,19146,22820
"AL",1,2,"2006",2329,16624,1458,2177,3787,18801,22588
"AL",1,2,"2007",2354,16651,1413,2109,3767,18760,22527
"AL",1,2,"2008",2520,20700,1608,2529,4128,23229,27357
"AL",1,2,"2009",2744,18274,1353,2365,4097,20639,24736
"AL",1,2,"2010",2831,18778,1274,2253,4105,21031,25136
"AL",1,2,"2011",2877,18813,1312,2812,4189,21625,25814
"AL",1,2,"2012",2742,19095,1175,2579,3917,21674,25591
"AL",1,2,"2013",2821,18302,1045,2506,3866,20808,24674
"AL",1,2,"2014",3380,18499,974,2661,4354,21160,25514
"AK",2,2,"1980",15,182,114,253,129,435,564
"AK",2,2,"1984",33,257,246,214,279,471,750
"AK",2,2,"1985",65,264,228,204,293,468,761
"AK",2,2,"1986",82,349,254,139,336,488,824
"AK",2,2,"1987",83,336,91,183,174,519,693
"AK",2,2,"1988",82,328,103,209,185,537,722
"AK",2,2,"1989",64,372,106,962,170,1334,1504
"AK",2,2,"1990",73,347,108,844,181,1191,1372
"AK",2,2,"1991",88,290,119,627,207,917,1124
"AK",2,2,"1992",100,284,147,676,247,960,1207
"AK",2,2,"1993",84,283,150,889,234,1172,1406
"AK",2,2,"1994",94,191,123,149,217,340,557
"AK",2,2,"1995",83,219,118,134,201,353,554
"AK",2,2,"1996",82,220,107,84,189,304,493
"AK",2,2,"1997",102,216,100,145,202,361,563
"AK",2,2,"1998",100,294,86,146,186,440,626
"AK",2,2,"1999",86,280,85,142,171,422,593
"AK",2,2,"2000",92,326,116,197,208,523,731
"AK",2,2,"2001",98,335,101,156,199,491,690
"AK",2,2,"2002",82,293,115,185,197,478,675
"AK",2,2,"2003",89,284,106,194,195,478,673
"AK",2,2,"2004",85,344,132,244,217,588,805
"AK",2,2,"2005",78,336,143,245,221,581,802
"AK",2,2,"2006",74,313,149,203,223,516,739
"AK",2,2,"2007",98,297,107,217,205,514,719
"AK",2,2,"2008",98,369,140,196,238,565,803
"AK",2,2,"2009",105,301,142,233,247,534,781
"AK",2,2,"2010",97,330,116,268,213,598,811
"AK",2,2,"2011",81,305,129,227,210,532,742
"AK",2,2,"2012",152,305,66,192,218,497,715
"AK",2,2,"2013",78,266,204,163,282,429,711
"AK",2,2,"2014",66,238,187,134,253,372,625
"AZ",4,2,"1980",980,186,0,80,980,266,1246
"AZ",4,2,"1984",1082,355,0,54,1082,409,1491
"AZ",4,2,"1985",1165,399,0,36,1165,435,1600
"AZ",4,2,"1986",1086,562,551,215,1637,777,2414
"AZ",4,2,"1987",1128,498,1145,200,2273,698,2971
"AZ",4,2,"1988",1085,495,1303,361,2388,856,3244
"AZ",4,2,"1989",1155,478,1708,441,2863,919,3782
"AZ",4,2,"1990",1280,831,1599,310,2879,1141,4020
"AZ",4,2,"1991",1342,897,1386,699,2728,1596,4324
"AZ",4,2,"1992",1639,888,1206,856,2845,1744,4589
"AZ",4,2,"1993",1383,953,1691,1031,3074,1984,5058
"AZ",4,2,"1994",1245,850,1710,1294,2955,2144,5099
"AZ",4,2,"1995",1349,1017,1030,775,2379,1792,4171
"AZ",4,2,"1996",2008,1140,1457,787,3465,1927,5392
"AZ",4,2,"1997",1838,1638,467,1320,2305,2958,5263
"AZ",4,2,"1998",2026,1300,650,1486,2676,2786,5462
"AZ",4,2,"1999",2122,1819,1373,625,3495,2444,5939
"AZ",4,2,"2000",2639,1350,1322,864,3961,2214,6175
"AZ",4,2,"2001",2636,3095,1383,1206,4019,4301,8320
"AZ",4,2,"2002",2382,2906,1424,1383,3806,4289,8095
"AZ",4,2,"2003",2562,2890,1328,1325,3890,4215,8105
"AZ",4,2,"2004",2494,2970,1332,1207,3826,4177,8003
"AZ",4,2,"2005",2688,2936,1091,1200,3779,4136,7915
"AZ",4,2,"2006",2726,2764,1044,1129,3770,3893,7663
"AZ",4,2,"2007",2864,2797,1325,1001,4189,3798,7987
"AZ",4,2,"2008",3306,2877,1201,819,4507,3696,8203
"AZ",4,2,"2009",3577,2947,1284,885,4861,3832,8693
"AZ",4,2,"2010",3904,3075,1361,807,5265,3882,9147
"AZ",4,2,"2011",4037,3364,1633,812,5670,4176,9846
"AZ",4,2,"2012",4109,3393,1501,821,5610,4214,9824
"AZ",4,2,"2013",4095,3412,1294,781,5389,4193,9582
"AZ",4,2,"2014",4101,3728,1184,841,5285,4569,9854
"AR",5,2,"1980",54,8358,201,773,255,9131,9386
"AR",5,2,"1984",86,7560,252,942,338,8502,8840
"AR",5,2,"1985",59,7379,367,958,426,8337,8763
"AR",5,2,"1986",70,7590,334,975,404,8565,8969
"AR",5,2,"1987",69,7722,265,1071,334,8793,9127
"AR",5,2,"1988",164,8316,265,1190,429,9506,9935
"AR",5,2,"1989",58,8715,161,1121,219,9836,10055
"AR",5,2,"1990",64,8572,142,1165,206,9737,9943
"AR",5,2,"1991",83,8814,96,1218,179,10032,10211
"AR",5,2,"1992",79,8994,113,1181,192,10175,10367
"AR",5,2,"1993",80,9190,103,1100,183,10290,10473
"AR",5,2,"1994",100,9243,139,1063,239,10306,10545
"AR",5,2,"1995",106,9549,201,996,307,10545,10852
"AR",5,2,"1996",133,9714,136,996,269,10710,10979
"AR",5,2,"1997",119,9803,140,1050,259,10853,11112
"AR",5,2,"1998",118,9834,279,1040,397,10874,11271
"AR",5,2,"1999",138,10174,186,1053,324,11227,11551
"AR",5,2,"2000",185,10365,310,1213,495,11578,12073
"AR",5,2,"2001",173,10764,570,1009,743,11773,12516
"AR",5,2,"2002",197,10908,968,1019,1165,11927,13092
"AR",5,2,"2003",236,11058,1029,950,1265,12008,13273
"AR",5,2,"2004",312,10999,1222,844,1534,11843,13377
"AR",5,2,"2005",365,10811,1509,1096,1874,11907,13781
"AR",5,2,"2006",514,10863,1932,1040,2446,11903,14349
"AR",5,2,"2007",453,11388,1924,1001,2377,12389,14766
"AR",5,2,"2008",556,11484,2039,1102,2595,12586,15181
"AR",5,2,"2009",575,11661,2190,1289,2765,12950,15715
"AR",5,2,"2010",678,12567,2331,1078,3009,13645,16654
"AR",5,2,"2011",745,12859,2485,1409,3230,14268,17498
"AR",5,2,"2012",789,12558,2071,1415,2860,13973,16833
"AR",5,2,"2013",854,12551,1485,1470,2339,14021,16360
"AR",5,2,"2014",836,12560,1367,1576,2203,14136,16339
"CA",6,2,"1980",38932,80590,34802,15581,73734,96171,169905
"CA",6,2,"1984",36270,83508,40963,18374,77233,101882,179115
"CA",6,2,"1985",37335,83540,39658,18700,76993,102240,179233
"CA",6,2,"1986",38969,84599,39461,16967,78430,101566,179996
"CA",6,2,"1987",41038,80575,40175,18659,81213,99234,180447
"CA",6,2,"1988",43011,88929,40200,16337,83211,105266,188477
"CA",6,2,"1989",43461,89083,39764,17175,83225,106258,189483
"CA",6,2,"1990",46911,87957,38737,17101,85648,105058,190706
"CA",6,2,"1991",47324,85449,40661,23212,87985,108661,196646
"CA",6,2,"1992",49398,87838,53227,19170,102625,107008,209633
"CA",6,2,"1993",51541,88715,40716,30814,92257,119529,211786
"CA",6,2,"1994",52692,91708,41948,18803,94640,110511,205151
"CA",6,2,"1995",54798,92406,41584,18954,96382,111360,207742
"CA",6,2,"1996",55568,92497,41773,18632,97341,111129,208470
"CA",6,2,"1997",56815,94365,44329,18435,101144,112800,213944
"CA",6,2,"1998",59381,97281,45295,17826,104676,115107,219783
"CA",6,2,"1999",39073,99221,19650,19434,58723,118655,177378
"CA",6,2,"2000",66986,104096,42026,17207,109012,121303,230315
"CA",6,2,"2001",67378,106152,43814,16421,111192,122573,233765
"CA",6,2,"2002",72370,107163,45829,18005,118199,125168,243367
"CA",6,2,"2003",74690,109887,45367,16339,120057,126226,246283
"CA",6,2,"2004",75156,112516,54704,18616,129860,131132,260992
"CA",6,2,"2005",75217,114916,54817,19244,130034,134160,264194
"CA",6,2,"2006",76831,114785,51473,19185,128304,133970,262274
"CA",6,2,"2007",79987,116651,54715,18949,134702,135600,270302
"CA",6,2,"2008",81675,117923,45802,15185,127477,133108,260585
"CA",6,2,"2009",87503,120896,44185,16149,131688,137045,268733
"CA",6,2,"2010",90318,128977,45425,17381,135743,146358,282101
"CA",6,2,"2011",90986,135190,46994,20664,137980,155854,293834
"CA",6,2,"2012",90834,140842,44877,21249,135711,162091,297802
"CA",6,2,"2013",95319,142715,44683,25231,140002,167946,307948
"CA",6,2,"2014",95010,144929,43831,24107,138841,169036,307877
"CO",8,2,"1980",1698,7627,2491,1500,4189,9127,13316
"CO",8,2,"1984",2402,7300,2805,1986,5207,9286,14493
"CO",8,2,"1985",2834,6966,2104,2017,4938,8983,13921
"CO",8,2,"1986",2776,7153,2219,2380,4995,9533,14528
"CO",8,2,"1987",2810,7115,2211,2464,5021,9579,14600
"CO",8,2,"1988",2974,7239,2327,2482,5301,9721,15022
"CO",8,2,"1989",3114,7241,2401,3515,5515,10756,16271
"CO",8,2,"1990",2913,7754,2863,3889,5776,11643,17419
"CO",8,2,"1991",2939,8115,3550,4094,6489,12209,18698
"CO",8,2,"1992",2994,8037,4273,4244,7267,12281,19548
"CO",8,2,"1993",3513,8121,4152,4335,7665,12456,20121
"CO",8,2,"1994",3489,8451,4583,4257,8072,12708,20780
"CO",8,2,"1995",3768,8954,4545,4402,8313,13356,21669
"CO",8,2,"1996",3746,8888,4501,4685,8247,13573,21820
"CO",8,2,"1997",3696,9015,5138,4850,8834,13865,22699
"CO",8,2,"1998",3793,9012,5422,5426,9215,14438,23653
"CO",8,2,"1999",2090,8888,3175,5374,5265,14262,19527
"CO",8,2,"2000",5903,9779,4953,5214,10856,14993,25849
"CO",8,2,"2001",4213,10172,7593,4932,11806,15104,26910
"CO",8,2,"2002",4379,10969,8094,5269,12473,16238,28711
"CO",8,2,"2003",7408,11842,5221,5111,12629,16953,29582
"CO",8,2,"2004",7526,12303,5432,5230,12958,17533,30491
"CO",8,2,"2005",7641,12686,5532,5383,13173,18069,31242
"CO",8,2,"2006",7512,13356,5565,5833,13077,19189,32266
"CO",8,2,"2007",7560,13300,5642,5791,13202,19091,32293
"CO",8,2,"2008",7608,13755,6035,5657,13643,19412,33055
"CO",8,2,"2009",7785,14583,6216,5364,14001,19947,33948
"CO",8,2,"2010",7982,14741,6318,5658,14300,20399,34699
"CO",8,2,"2011",8105,14655,6430,6282,14535,20937,35472
"CO",8,2,"2012",7538,14451,6195,6709,13733,21160,34893
"CO",8,2,"2013",7484,14404,5858,7456,13342,21860,35202
"CO",8,2,"2014",7103,14254,5744,7357,12847,21611,34458
"CT",9,2,"1980",5841,29252,10622,13211,16463,42463,58926
"CT",9,2,"1984",7153,28399,10357,11374,17510,39773,57283
"CT",9,2,"1985",7271,28061,10678,11186,17949,39247,57196
"CT",9,2,"1986",7290,27266,10763,10777,18053,38043,56096
"CT",9,2,"1987",7254,27118,11235,10706,18489,37824,56313
"CT",9,2,"1988",7497,27095,11034,10471,18531,37566,56097
"CT",9,2,"1989",7691,27251,10905,10298,18596,37549,56145
"CT",9,2,"1990",7884,26913,11109,9817,18993,36730,55723
"CT",9,2,"1991",8236,26605,10973,9907,19209,36512,55721
"CT",9,2,"1992",8096,25719,10666,10504,18762,36223,54985
"CT",9,2,"1993",8156,28242,10441,9488,18597,37730,56327
"CT",9,2,"1994",8427,28968,10064,9381,18491,38349,56840
"CT",9,2,"1995",8419,29196,9466,8768,17885,37964,55849
"CT",9,2,"1996",8556,29434,9413,8300,17969,37734,55703
"CT",9,2,"1997",8790,29944,9457,7955,18247,37899,56146
"CT",9,2,"1998",9014,31419,9508,7505,18522,38924,57446
"CT",9,2,"1999",4400,31310,7873,6767,12273,38077,50350
"CT",9,2,"2000",10021,32057,8674,6714,18695,38771,57466
"CT",9,2,"2001",10217,32942,8802,6418,19019,39360,58379
"CT",9,2,"2002",10717,33682,8685,6126,19402,39808,59210
"CT",9,2,"2003",10971,34280,7938,5706,18909,39986,58895
"CT",9,2,"2004",11004,34546,7669,5959,18673,40505,59178
"CT",9,2,"2005",10997,35745,7402,6031,18399,41776,60175
"CT",9,2,"2006",11244,36094,7710,6093,18954,42187,61141
"CT",9,2,"2007",11727,36510,7685,5895,19412,42405,61817
"CT",9,2,"2008",10607,37551,8040,6084,18647,43635,62282
"CT",9,2,"2009",12351,38110,8171,6284,20522,44394,64916
"CT",9,2,"2010",12516,38804,8297,7145,20813,45949,66762
"CT",9,2,"2011",12536,39180,8466,7558,21002,46738,67740
"CT",9,2,"2012",12361,39582,8241,7594,20602,47176,67778
"CT",9,2,"2013",12768,40550,8074,7335,20842,47885,68727
"CT",9,2,"2014",13391,41388,8338,7291,21729,48679,70408
"DE",10,2,"1980",75,2569,32,1938,107,4507,4614
"DE",10,2,"1984",21,2436,278,2452,299,4888,5187
"DE",10,2,"1985",18,2272,237,2031,255,4303,4558
"DE",10,2,"1986",59,1770,276,2006,335,3776,4111
"DE",10,2,"1987",74,2758,381,2748,455,5506,5961
"DE",10,2,"1988",44,2395,450,2546,494,4941,5435
"DE",10,2,"1989",64,2724,470,2739,534,5463,5997
"DE",10,2,"1990",48,2628,436,2767,484,5395,5879
"DE",10,2,"1991",52,2225,483,2787,535,5012,5547
"DE",10,2,"1992",65,2415,674,2896,739,5311,6050
"DE",10,2,"1993",994,2420,1288,3055,2282,5475,7757
"DE",10,2,"1994",1014,2423,1404,3034,2418,5457,7875
"DE",10,2,"1995",1031,2366,1602,3104,2633,5470,8103
"DE",10,2,"1996",1024,2354,1606,3275,2630,5629,8259
"DE",10,2,"1997",1034,2322,1738,3301,2772,5623,8395
"DE",10,2,"1998",959,2541,1834,3456,2793,5997,8790
"DE",10,2,"1999",912,3080,1782,3752,2694,6832,9526
"DE",10,2,"2000",950,3583,1807,3213,2757,6796,9553
"DE",10,2,"2001",1105,3922,2382,3112,3487,7034,10521
"DE",10,2,"2002",1278,4387,2508,3436,3786,7823,11609
"DE",10,2,"2003",1351,4283,3045,3079,4396,7362,11758
"DE",10,2,"2004",1569,4188,2737,2891,4306,7079,11385
"DE",10,2,"2005",1617,4994,2897,3243,4514,8237,12751
"DE",10,2,"2006",1668,5004,3249,3027,4917,8031,12948
"DE",10,2,"2007",1809,4870,3458,2903,5267,7773,13040
"DE",10,2,"2008",2412,5135,3277,3092,5689,8227,13916
"DE",10,2,"2009",2224,5523,3324,3449,5548,8972,14520
"DE",10,2,"2010",2308,5668,2951,3683,5259,9351,14610
"DE",10,2,"2011",2332,5555,3128,4117,5460,9672,15132
"DE",10,2,"2012",2340,5409,3780,4888,6120,10297,16417
"DE",10,2,"2013",1956,5354,5218,5521,7174,10875,18049
"DE",10,2,"2014",2483,5384,5283,5686,7766,11070,18836
"DC",11,2,"1980",15635,26378,18571,6947,34206,33325,67531
"DC",11,2,"1984",14228,26597,16729,5628,30957,32225,63182
"DC",11,2,"1985",14031,27114,16280,5519,30311,32633,62944
"DC",11,2,"1986",14117,27454,15981,5382,30098,32836,62934
"DC",11,2,"1987",13784,28963,16064,5129,29848,34092,63940
"DC",11,2,"1988",13655,30013,15369,5456,29024,35469,64493
"DC",11,2,"1989",13933,30177,14670,4875,28603,35052,63655
"DC",11,2,"1990",14168,29185,14874,5252,29042,34437,63479
"DC",11,2,"1991",14938,28237,15196,5109,30134,33346,63480
"DC",11,2,"1992",15328,27482,15499,4701,30827,32183,63010
"DC",11,2,"1993",16107,26883,15786,4833,31893,31716,63609
"DC",11,2,"1994",16788,26874,15519,4408,32307,31282,63589
"DC",11,2,"1995",17831,27359,15003,4194,32834,31553,64387
"DC",11,2,"1996",17752,27092,14183,3855,31935,30947,62882
"DC",11,2,"1997",18087,27578,13608,3707,31695,31285,62980
"DC",11,2,"1998",17732,27915,13234,3632,30966,31547,62513
"DC",11,2,"1999",7545,27622,1680,4214,9225,31836,41061
"DC",11,2,"2000",17614,29509,12835,3110,30449,32619,63068
"DC",11,2,"2001",17909,31106,13657,3289,31566,34395,65961
"DC",11,2,"2002",18715,31503,13698,3501,32413,35004,67417
"DC",11,2,"2003",19108,32175,13850,3222,32958,35397,68355
"DC",11,2,"2004",19444,32985,13984,3153,33428,36138,69566
"DC",11,2,"2005",19671,33495,14486,2886,34157,36381,70538
"DC",11,2,"2006",19747,33828,14870,3239,34617,37067,71684
"DC",11,2,"2007",19852,33787,15658,3221,35510,37008,72518
"DC",11,2,"2008",20094,34299,16160,3186,36254,37485,73739
"DC",11,2,"2009",21285,35377,16797,3093,38082,38470,76552
"DC",11,2,"2010",21994,35958,17110,2930,39104,38888,77992
"DC",11,2,"2011",22703,36569,16503,2746,39206,39315,78521
"DC",11,2,"2012",23211,36166,16624,2919,39835,39085,78920
"DC",11,2,"2013",23208,36274,16427,2999,39635,39273,78908
"DC",11,2,"2014",22765,36365,16345,3005,39110,39370,78480
"FL",12,2,"1980",8338,42044,5983,13794,14321,55838,70159
"FL",12,2,"1984",10485,43819,8233,18266,18718,62085,80803
"FL",12,2,"1985",10769,45904,8177,15950,18946,61854,80800
"FL",12,2,"1986",8861,46590,9885,16919,18746,63509,82255
"FL",12,2,"1987",8473,43361,10570,15502,19043,58863,77906
"FL",12,2,"1988",9511,49145,11166,15925,20677,65070,85747
"FL",12,2,"1989",9300,46954,11735,16660,21035,63614,84649
"FL",12,2,"1990",8833,49013,12187,16383,21020,65396,86416
"FL",12,2,"1991",9419,48026,13455,18432,22874,66458,89332
"FL",12,2,"1992",9782,48402,13642,18960,23424,67362,90786
"FL",12,2,"1993",10412,48265,14186,19282,24598,67547,92145
"FL",12,2,"1994",11936,48540,14809,19316,26745,67856,94601
"FL",12,2,"1995",12695,49534,14794,18988,27489,68522,96011
"FL",12,2,"1996",13360,51020,14859,18877,28219,69897,98116
"FL",12,2,"1997",13448,53692,15619,19601,29067,73293,102360
"FL",12,2,"1998",14501,56200,14761,18808,29262,75008,104270
"FL",12,2,"1999",7924,60137,6269,19423,14193,79560,93753
"FL",12,2,"2000",15086,62921,17330,20212,32416,83133,115549
"FL",12,2,"2001",15441,65896,17750,21477,33191,87373,120564
"FL",12,2,"2002",16427,67770,19486,23064,35913,90834,126747
"FL",12,2,"2003",17469,73817,21742,24215,39211,98032,137243
"FL",12,2,"2004",20888,79193,21776,25234,42664,104427,147091
"FL",12,2,"2005",22904,81732,21519,26976,44423,108708,153131
"FL",12,2,"2006",24253,82572,20772,29945,45025,112517,157542
"FL",12,2,"2007",24597,83376,22397,30825,46994,114201,161195
"FL",12,2,"2008",24603,85442,23729,32307,48332,117749,166081
"FL",12,2,"2009",26871,92069,24878,32358,51749,124427,176176
"FL",12,2,"2010",30165,94093,23243,31840,53408,125933,179341
"FL",12,2,"2011",30630,94227,23214,31255,53844,125482,179326
"FL",12,2,"2012",30737,94639,22660,30269,53397,124908,178305
"FL",12,2,"2013",30520,97619,22865,27821,53385,125440,178825
"FL",12,2,"2014",31051,99332,21817,28159,52868,127491,180359
"GA",13,2,"1980",6231,20038,1921,2315,8152,22353,30505
"GA",13,2,"1984",6492,19547,2592,3156,9084,22703,31787
"GA",13,2,"1985",6203,19757,2747,3398,8950,23155,32105
"GA",13,2,"1986",5962,21150,3742,5621,9704,26771,36475
"GA",13,2,"1987",6145,21814,3046,4294,9191,26108,35299
"GA",13,2,"1988",6114,23710,2948,4573,9062,28283,37345
"GA",13,2,"1989",6216,24836,3022,4765,9238,29601,38839
"GA",13,2,"1990",7194,28078,3655,5230,10849,33308,44157
"GA",13,2,"1991",7979,29710,3689,5550,11668,35260,46928
"GA",13,2,"1992",8729,31128,4899,7250,13628,38378,52006
"GA",13,2,"1993",9386,33231,4151,6406,13537,39637,53174
"GA",13,2,"1994",9777,34824,4498,6298,14275,41122,55397
"GA",13,2,"1995",10808,35375,5573,5376,16381,40751,57132
"GA",13,2,"1996",11528,36860,5481,5224,17009,42084,59093
"GA",13,2,"1997",10702,37630,6404,5453,17106,43083,60189
"GA",13,2,"1998",11180,38603,6142,5735,17322,44338,61660
"GA",13,2,"1999",7251,38930,3110,5995,10361,44925,55286
"GA",13,2,"2000",10768,38302,5509,5384,16277,43686,59963
"GA",13,2,"2001",10351,40359,4976,4894,15327,45253,60580
"GA",13,2,"2002",10207,40336,5089,4952,15296,45288,60584
"GA",13,2,"2003",10078,39866,4695,4727,14773,44593,59366
"GA",13,2,"2004",10412,40692,4398,4651,14810,45343,60153
"GA",13,2,"2005",10859,41087,4417,4717,15276,45804,61080
"GA",13,2,"2006",11417,41908,4630,4884,16047,46792,62839
"GA",13,2,"2007",11906,42519,5019,5664,16925,48183,65108
"GA",13,2,"2008",12698,43316,5183,4746,17881,48062,65943
"GA",13,2,"2009",13226,44029,5503,5502,18729,49531,68260
"GA",13,2,"2010",13793,44932,5870,6034,19663,50966,70629
"GA",13,2,"2011",14276,45305,6458,6215,20734,51520,72254
"GA",13,2,"2012",14327,44967,6709,6740,21036,51707,72743
"GA",13,2,"2013",14704,44744,6352,7116,21056,51860,72916
"GA",13,2,"2014",15057,44668,5934,7152,20991,51820,72811
"HI",15,2,"1980",0,3394,115,1893,115,5287,5402
"HI",15,2,"1984",0,5032,183,2470,183,7502,7685
"HI",15,2,"1985",19,5134,227,2765,246,7899,8145
"HI",15,2,"1986",161,5726,343,2873,504,8599,9103
"HI",15,2,"1987",266,5414,365,3138,631,8552,9183
"HI",15,2,"1988",297,6048,355,2938,652,8986,9638
"HI",15,2,"1989",339,5590,457,3546,796,9136,9932
"HI",15,2,"1990",347,6411,484,2846,831,9257,10088
"HI",15,2,"1991",426,6653,553,3285,979,9938,10917
"HI",15,2,"1992",651,6803,614,3332,1265,10135,11400
"HI",15,2,"1993",504,6825,800,4014,1304,10839,12143
"HI",15,2,"1994",487,6883,845,4326,1332,11209,12541
"HI",15,2,"1995",769,7237,788,4164,1557,11401,12958
"HI",15,2,"1996",928,7890,783,3967,1711,11857,13568
"HI",15,2,"1997",859,7305,752,4779,1611,12084,13695
"HI",15,2,"1998",939,7277,822,4772,1761,12049,13810
"HI",15,2,"1999",1110,7408,795,3983,1905,11391,13296
"HI",15,2,"2000",1035,8417,822,2696,1857,11113,12970
"HI",15,2,"2001",1123,8179,796,3363,1919,11542,13461
"HI",15,2,"2002",1144,8276,765,3750,1909,12026,13935
"HI",15,2,"2003",1091,7965,782,4148,1873,12113,13986
"HI",15,2,"2004",1114,7798,771,3892,1885,11690,13575
"HI",15,2,"2005",1121,8116,752,3939,1873,12055,13928
"HI",15,2,"2006",1230,8466,740,3632,1970,12098,14068
"HI",15,2,"2007",1176,8135,844,3569,2020,11704,13724
"HI",15,2,"2008",1078,7755,884,4309,1962,12064,14026
"HI",15,2,"2009",1134,8148,872,3856,2006,12004,14010
"HI",15,2,"2010",1185,8806,965,4005,2150,12811,14961
"HI",15,2,"2011",1268,8609,905,3969,2173,12578,14751
"HI",15,2,"2012",1242,8813,919,3318,2161,12131,14292
"HI",15,2,"2013",1201,8444,762,2680,1963,11124,13087
"HI",15,2,"2014",1194,7748,560,2467,1754,10215,11969
"ID",16,2,"1980",12,6774,191,1550,203,8324,8527
"ID",16,2,"1984",19,6806,285,1275,304,8081,8385
"ID",16,2,"1985",6,7341,273,1382,279,8723,9002
"ID",16,2,"1986",111,7674,249,1250,360,8924,9284
"ID",16,2,"1987",124,8294,282,1071,406,9365,9771
"ID",16,2,"1988",124,9038,282,710,406,9748,10154
"ID",16,2,"1989",17,8771,663,648,680,9419,10099
"ID",16,2,"1990",3,8985,631,514,634,9499,10133
"ID",16,2,"1991",0,9356,1051,458,1051,9814,10865
"ID",16,2,"1992",3,9480,925,472,928,9952,10880
"ID",16,2,"1993",2,9841,579,369,581,10210,10791
"ID",16,2,"1994",23,9543,1077,334,1100,9877,10977
"ID",16,2,"1995",4,9508,375,377,379,9885,10264
"ID",16,2,"1996",2,9281,447,342,449,9623,10072
"ID",16,2,"1997",48,9706,610,464,658,10170,10828
"ID",16,2,"1998",62,10051,538,400,600,10451,11051
"ID",16,2,"1999",90,10131,639,484,729,10615,11344
"ID",16,2,"2000",144,10336,62,625,206,10961,11167
"ID",16,2,"2001",182,10613,92,659,274,11272,11546
"ID",16,2,"2002",230,11910,100,919,330,12829,13159
"ID",16,2,"2003",274,12218,144,1005,418,13223,13641
"ID",16,2,"2004",319,12459,114,1179,433,13638,14071
"ID",16,2,"2005",377,13357,102,1825,479,15182,15661
"ID",16,2,"2006",487,14333,66,1985,553,16318,16871
"ID",16,2,"2007",503,13814,100,2255,603,16069,16672
"ID",16,2,"2008",507,14285,139,2571,646,16856,17502
"ID",16,2,"2009",515,14764,128,2855,643,17619,18262
"ID",16,2,"2010",510,15273,205,2352,715,17625,18340
"ID",16,2,"2011",544,16778,229,4727,773,21505,22278
"ID",16,2,"2012",588,18225,210,8429,798,26654,27452
"ID",16,2,"2013",589,17392,220,13740,809,31132,31941
"ID",16,2,"2014",564,18487,185,21426,749,39913,40662
"IL",17,2,"1980",21265,66404,18253,24101,39518,90505,130023
"IL",17,2,"1984",21690,67844,21472,24947,43162,92791,135953
"IL",17,2,"1985",21782,67694,22634,25326,44416,93020,137436
"IL",17,2,"1986",22662,68699,23993,26002,46655,94701,141356
"IL",17,2,"1987",23019,69912,25462,26530,48481,96442,144923
"IL",17,2,"1988",23885,72018,24346,26902,48231,98920,147151
"IL",17,2,"1989",26163,75932,25847,27280,52010,103212,155222
"IL",17,2,"1990",26660,77259,26326,28337,52986,105596,158582
"IL",17,2,"1991",27945,78321,28163,28915,56108,107236,163344
"IL",17,2,"1992",27998,79753,27953,28953,55951,108706,164657
"IL",17,2,"1993",29023,80520,29031,28321,58054,108841,166895
"IL",17,2,"1994",30030,81173,28898,28508,58928,109681,168609
"IL",17,2,"1995",30715,82875,30311,27089,61026,109964,170990
"IL",17,2,"1996",31398,83596,31574,26112,62972,109708,172680
"IL",17,2,"1997",31544,82568,31360,25328,62904,107896,170800
"IL",17,2,"1998",31866,87384,31568,25554,63434,112938,176372
"IL",17,2,"1999",14654,90085,16735,24807,31389,114892,146281
"IL",17,2,"2000",35646,92566,31348,24561,66994,117127,184121
"IL",17,2,"2001",35107,96864,33675,23445,68782,120309,189091
"IL",17,2,"2002",37980,99976,34646,22663,72626,122639,195265
"IL",17,2,"2003",40354,102574,35646,21275,76000,123849,199849
"IL",17,2,"2004",40215,104149,37398,19909,77613,124058,201671
"IL",17,2,"2005",40566,107947,38021,19500,78587,127447,206034
"IL",17,2,"2006",42055,111128,38969,18460,81024,129588,210612
"IL",17,2,"2007",44772,113777,38761,18202,83533,131979,215512
"IL",17,2,"2008",44908,116761,41327,17833,86235,134594,220829
"IL",17,2,"2009",47786,119584,42444,17580,90230,137164,227394
"IL",17,2,"2010",48735,121374,43356,16880,92091,138254,230345
"IL",17,2,"2011",49368,120759,41863,17651,91231,138410,229641
"IL",17,2,"2012",48918,120524,40864,17405,89782,137929,227711
"IL",17,2,"2013",49356,120551,37261,16813,86617,137364,223981
"IL",17,2,"2014",48774,120374,37026,16341,85800,136715,222515
"IN",18,2,"1980",3304,39013,3495,7387,6799,46400,53199
"IN",18,2,"1984",3501,37400,3198,7014,6699,44414,51113
"IN",18,2,"1985",3446,36554,3408,6896,6854,43450,50304
"IN",18,2,"1986",3545,36390,3343,6770,6888,43160,50048
"IN",18,2,"1987",3855,37100,3080,6719,6935,43819,50754
"IN",18,2,"1988",3786,38898,3067,6537,6853,45435,52288
"IN",18,2,"1989",4188,39604,3168,6371,7356,45975,53331
"IN",18,2,"1990",4537,39834,2942,7124,7479,46958,54437
"IN",18,2,"1991",4474,40193,3049,7340,7523,47533,55056
"IN",18,2,"1992",4715,40246,2983,7799,7698,48045,55743
"IN",18,2,"1993",4833,41003,2985,7807,7818,48810,56628
"IN",18,2,"1994",5167,42155,2849,7679,8016,49834,57850
"IN",18,2,"1995",5176,43315,3050,7488,8226,50803,59029
"IN",18,2,"1996",5442,43468,3184,7335,8626,50803,59429
"IN",18,2,"1997",5767,44515,3126,7629,8893,52144,61037
"IN",18,2,"1998",5822,45935,3275,7721,9097,53656,62753
"IN",18,2,"1999",3918,47133,1509,7889,5427,55022,60449
"IN",18,2,"2000",6556,48121,3014,7459,9570,55580,65150
"IN",18,2,"2001",6926,49451,3548,8620,10474,58071,68545
"IN",18,2,"2002",7743,50746,3644,8913,11387,59659,71046
"IN",18,2,"2003",8597,51808,3940,8775,12537,60583,73120
"IN",18,2,"2004",9263,53393,3690,9123,12953,62516,75469
"IN",18,2,"2005",9993,54557,3663,8799,13656,63356,77012
"IN",18,2,"2006",10524,55952,3865,8274,14389,64226,78615
"IN",18,2,"2007",11100,57755,3945,8638,15045,66393,81438
"IN",18,2,"2008",11241,58778,4277,8822,15518,67600,83118
"IN",18,2,"2009",11617,60140,4329,10448,15946,70588,86534
"IN",18,2,"2010",11645,61471,4425,10696,16070,72167,88237
"IN",18,2,"2011",11499,61560,4447,10903,15946,72463,88409
"IN",18,2,"2012",11375,61725,4328,11049,15703,72774,88477
"IN",18,2,"2013",11297,61735,4557,10776,15854,72511,88365
"IN",18,2,"2014",12135,62284,4523,11182,16658,73466,90124
"IA",19,2,"1980",3539,27806,1641,6281,5180,34087,39267
"IA",19,2,"1984",3986,26822,1983,6588,5969,33410,39379
"IA",19,2,"1985",3673,26535,2316,6341,5989,32876,38865
"IA",19,2,"1986",3740,27702,2166,6565,5906,34267,40173
"IA",19,2,"1987",3876,27645,3145,6916,7021,34561,41582
"IA",19,2,"1988",3829,28463,3182,7943,7011,36406,43417
"IA",19,2,"1989",3684,29526,6617,9191,10301,38717,49018
"IA",19,2,"1990",3895,29878,5363,9234,9258,39112,48370
"IA",19,2,"1991",4173,29912,3501,9208,7674,39120,46794
"IA",19,2,"1992",4189,30367,2823,8823,7012,39190,46202
"IA",19,2,"1993",4408,30214,2819,9694,7227,39908,47135
"IA",19,2,"1994",4261,30111,2669,10110,6930,40221,47151
"IA",19,2,"1995",4152,30342,2697,11632,6849,41974,48823
"IA",19,2,"1996",4368,30081,2972,11210,7340,41291,48631
"IA",19,2,"1997",4314,31258,3031,10731,7345,41989,49334
"IA",19,2,"1998",4228,32175,2695,11029,6923,43204,50127
"IA",19,2,"1999",4126,31957,1319,10132,5445,42089,47534
"IA",19,2,"2000",4860,32454,2871,9395,7731,41849,49580
"IA",19,2,"2001",5063,33154,3241,8355,8304,41509,49813
"IA",19,2,"2002",5494,33838,2916,7987,8410,41825,50235
"IA",19,2,"2003",5612,35204,2992,7849,8604,43053,51657
"IA",19,2,"2004",5661,36541,3015,7717,8676,44258,52934
"IA",19,2,"2005",6096,37356,3055,7354,9151,44710,53861
"IA",19,2,"2006",6450,37196,3339,7696,9789,44892,54681
"IA",19,2,"2007",6564,37518,3797,7589,10361,45107,55468
"IA",19,2,"2008",6854,37262,4065,7704,10919,44966,55885
"IA",19,2,"2009",6981,38486,4346,7486,11327,45972,57299
"IA",19,2,"2010",6949,38730,4240,7511,11189,46241,57430
"IA",19,2,"2011",7118,38918,4205,7245,11323,46163,57486
"IA",19,2,"2012",7077,38279,4391,6513,11468,44792,56260
"IA",19,2,"2013",7172,38296,4548,6267,11720,44563,56283
"IA",19,2,"2014",7524,37288,4879,6469,12403,43757,56160
"KS",20,2,"1980",593,9801,205,2005,798,11806,12604
"KS",20,2,"1984",586,8936,730,2866,1316,11802,13118
"KS",20,2,"1985",647,8682,1045,2409,1692,11091,12783
"KS",20,2,"1986",662,8915,373,2438,1035,11353,12388
"KS",20,2,"1987",1233,8650,430,2472,1663,11122,12785
"KS",20,2,"1988",795,8588,446,2554,1241,11142,12383
"KS",20,2,"1989",1017,8291,322,2601,1339,10892,12231
"KS",20,2,"1990",1206,8972,338,3011,1544,11983,13527
"KS",20,2,"1991",1372,9262,341,3616,1713,12878,14591
"KS",20,2,"1992",1611,10136,235,4313,1846,14449,16295
"KS",20,2,"1993",1521,10469,460,4012,1981,14481,16462
"KS",20,2,"1994",1863,11059,412,3950,2275,15009,17284
"KS",20,2,"1995",1483,11144,481,3498,1964,14642,16606
"KS",20,2,"1996",1560,10942,567,3271,2127,14213,16340
"KS",20,2,"1997",1575,11024,1302,2738,2877,13762,16639
"KS",20,2,"1998",1721,11418,1549,3573,3270,14991,18261
"KS",20,2,"1999",1569,11378,1702,3269,3271,14647,17918
"KS",20,2,"2000",1612,11456,1855,3513,3467,14969,18436
"KS",20,2,"2001",1515,12380,1991,3646,3506,16026,19532
"KS",20,2,"2002",1515,12050,1439,3501,2954,15551,18505
"KS",20,2,"2003",1424,12513,1487,3473,2911,15986,18897
"KS",20,2,"2004",1367,12737,1665,3558,3032,16295,19327
"KS",20,2,"2005",1510,12428,1434,3662,2944,16090,19034
"KS",20,2,"2006",2997,12529,2315,4505,5312,17034,22346
"KS",20,2,"2007",1863,12683,3435,5127,5298,17810,23108
"KS",20,2,"2008",1739,13003,3406,5883,5145,18886,24031
"KS",20,2,"2009",1661,13733,3698,5680,5359,19413,24772
"KS",20,2,"2010",1643,14166,3510,5717,5153,19883,25036
"KS",20,2,"2011",1879,14760,3466,5811,5345,20571,25916
"KS",20,2,"2012",1779,14812,3318,5848,5097,20660,25757
"KS",20,2,"2013",2083,14522,2986,6657,5069,21179,26248
"KS",20,2,"2014",1974,14468,3163,6024,5137,20492,25629
"KY",21,2,"1980",2611,13610,1560,3691,4171,17301,21472
"KY",21,2,"1984",2853,13226,2027,3833,4880,17059,21939
"KY",21,2,"1985",2739,13210,2229,3710,4968,16920,21888
"KY",21,2,"1986",2501,13769,2235,4002,4736,17771,22507
"KY",21,2,"1987",2544,14117,2395,5031,4939,19148,24087
"KY",21,2,"1988",2558,14449,2276,4596,4834,19045,23879
"KY",21,2,"1989",1030,14878,1913,4733,2943,19611,22554
"KY",21,2,"1990",2538,15285,2227,5165,4765,20450,25215
"KY",21,2,"1991",2695,15894,2176,4727,4871,20621,25492
"KY",21,2,"1992",2432,15661,1955,4016,4387,19677,24064
"KY",21,2,"1993",2584,15911,2102,3864,4686,19775,24461
"KY",21,2,"1994",2720,15858,2090,4082,4810,19940,24750
"KY",21,2,"1995",2675,16134,2168,4343,4843,20477,25320
"KY",21,2,"1996",2578,16341,2208,4240,4786,20581,25367
"KY",21,2,"1997",2596,16922,2305,4279,4901,21201,26102
"KY",21,2,"1998",2614,17747,2500,4308,5114,22055,27169
"KY",21,2,"1999",2206,17573,2167,4229,4373,21802,26175
"KY",21,2,"2000",3046,18202,2859,4100,5905,22302,28207
"KY",21,2,"2001",3215,19022,2930,4231,6145,23253,29398
"KY",21,2,"2002",3489,18956,3160,4634,6649,23590,30239
"KY",21,2,"2003",3823,19238,3492,4270,7315,23508,30823
"KY",21,2,"2004",4143,19856,3846,3747,7989,23603,31592
"KY",21,2,"2005",4339,20410,4125,3715,8464,24125,32589
"KY",21,2,"2006",4566,20772,4256,3572,8822,24344,33166
"KY",21,2,"2007",4728,21730,4564,4029,9292,25759,35051
"KY",21,2,"2008",4835,22218,5048,4272,9883,26490,36373
"KY",21,2,"2009",5236,23144,5384,4602,10620,27746,38366
"KY",21,2,"2010",5678,24415,5760,4614,11438,29029,40467
"KY",21,2,"2011",6160,24922,6439,5434,12599,30356,42955
"KY",21,2,"2012",6313,24822,6770,5406,13083,30228,43311
"KY",21,2,"2013",6582,24598,6430,5446,13012,30044,43056
"KY",21,2,"2014",6632,23149,6790,5870,13422,29019,42441
"LA",22,2,"1980",4776,13009,2038,2480,6814,15489,22303
"LA",22,2,"1984",4899,13093,2414,3030,7313,16123,23436
"LA",22,2,"1985",4727,12456,1868,3246,6595,15702,22297
"LA",22,2,"1986",5112,12982,1787,3398,6899,16380,23279
"LA",22,2,"1987",4500,13648,1962,3623,6462,17271,23733
"LA",22,2,"1988",4633,14061,1950,3665,6583,17726,24309
"LA",22,2,"1989",4698,15003,2460,3844,7158,18847,26005
"LA",22,2,"1990",4831,15225,2355,3938,7186,19163,26349
"LA",22,2,"1991",5225,14813,2326,3935,7551,18748,26299
"LA",22,2,"1992",5232,14656,2425,3708,7657,18364,26021
"LA",22,2,"1993",5615,14741,2486,4217,8101,18958,27059
"LA",22,2,"1994",5825,14947,2381,4074,8206,19021,27227
"LA",22,2,"1995",5492,14377,2979,4623,8471,19000,27471
"LA",22,2,"1996",5586,14335,2526,4352,8112,18687,26799
"LA",22,2,"1997",5402,14663,2635,4526,8037,19189,27226
"LA",22,2,"1998",5776,15440,2426,4297,8202,19737,27939
"LA",22,2,"1999",3000,16071,723,4401,3723,20472,24195
"LA",22,2,"2000",5919,16836,2471,4737,8390,21573,29963
"LA",22,2,"2001",5090,17317,1967,4098,7057,21415,28472
"LA",22,2,"2002",6229,17582,2651,5244,8880,22826,31706
"LA",22,2,"2003",6665,17968,2493,5247,9158,23215,32373
"LA",22,2,"2004",6676,18097,2784,5538,9460,23635,33095
"LA",22,2,"2005",1115,6514,276,1924,1391,8438,9829
"LA",22,2,"2006",5919,14570,2209,4407,8128,18977,27105
"LA",22,2,"2007",5675,13905,2119,4541,7794,18446,26240
"LA",22,2,"2008",6193,14233,2757,4771,8950,19004,27954
"LA",22,2,"2009",6480,15889,3165,4136,9645,20025,29670
"LA",22,2,"2010",6567,16028,3501,4892,10068,20920,30988
"LA",22,2,"2011",6901,16828,3077,4740,9978,21568,31546
"LA",22,2,"2012",6348,16904,3153,4440,9501,21344,30845
"LA",22,2,"2013",6462,16502,3094,4019,9556,20521,30077
"LA",22,2,"2014",6173,15684,3145,4220,9318,19904,29222
"ME",23,2,"1980",179,7296,113,1093,292,8389,8681
"ME",23,2,"1984",283,6931,199,9376,482,16307,16789
"ME",23,2,"1985",278,7123,250,8916,528,16039,16567
"ME",23,2,"1986",346,7202,401,1743,747,8945,9692
"ME",23,2,"1987",313,7627,603,1813,916,9440,10356
"ME",23,2,"1988",355,7697,417,1587,772,9284,10056
"ME",23,2,"1989",376,7895,806,6378,1182,14273,15455
"ME",23,2,"1990",397,8050,1049,4060,1446,12110,13556
"ME",23,2,"1991",367,8137,1346,4136,1713,12273,13986
"ME",23,2,"1992",450,8375,1385,4761,1835,13136,14971
"ME",23,2,"1993",495,8684,1325,3792,1820,12476,14296
"ME",23,2,"1994",666,8666,1584,4426,2250,13092,15342
"ME",23,2,"1995",600,8952,1967,4612,2567,13564,16131
"ME",23,2,"1996",771,9095,1671,4094,2442,13189,15631
"ME",23,2,"1997",865,9032,1687,4639,2552,13671,16223
"ME",23,2,"1998",909,9435,1864,4420,2773,13855,16628
"ME",23,2,"1999",544,9701,1229,3573,1773,13274,15047
"ME",23,2,"2000",1045,9464,2415,3697,3460,13161,16621
"ME",23,2,"2001",1384,9804,2177,3932,3561,13736,17297
"ME",23,2,"2002",1170,10038,2716,2988,3886,13026,16912
"ME",23,2,"2003",1134,10293,2117,2816,3251,13109,16360
"ME",23,2,"2004",1169,10869,2081,2804,3250,13673,16923
"ME",23,2,"2005",1229,11183,1948,2446,3177,13629,16806
"ME",23,2,"2006",1231,11564,1780,2120,3011,13684,16695
"ME",23,2,"2007",1501,11989,1617,1898,3118,13887,17005
"ME",23,2,"2008",1755,12407,1560,1944,3315,14351,17666
"ME",23,2,"2009",2163,12610,1388,2032,3551,14642,18193
"ME",23,2,"2010",2626,12812,1592,2138,4218,14950,19168
"ME",23,2,"2011",3086,12917,1858,2338,4944,15255,20199
"ME",23,2,"2012",3462,12797,1933,2586,5395,15383,20778
"ME",23,2,"2013",3351,12782,1333,1992,4684,14774,19458
"ME",23,2,"2014",3638,12944,2074,2448,5712,15392,21104
"MD",24,2,"1980",3452,13282,6971,4464,10423,17746,28169
"MD",24,2,"1984",3333,13916,7504,5061,10837,18977,29814
"MD",24,2,"1985",3477,13793,7990,4969,11467,18762,30229
"MD",24,2,"1986",3571,14045,8273,5742,11844,19787,31631
"MD",24,2,"1987",4057,14374,8796,5976,12853,20350,33203
"MD",24,2,"1988",3805,14784,9132,6525,12937,21309,34246
"MD",24,2,"1989",4209,15094,9706,6385,13915,21479,35394
"MD",24,2,"1990",4215,15448,10166,6657,14381,22105,36486
"MD",24,2,"1991",4552,15387,10389,6411,14941,21798,36739
"MD",24,2,"1992",4682,15375,10842,6751,15524,22126,37650
"MD",24,2,"1993",4727,15412,11635,6492,16362,21904,38266
"MD",24,2,"1994",5022,15755,12119,6555,17141,22310,39451
"MD",24,2,"1995",5320,16301,13174,5647,18494,21948,40442
"MD",24,2,"1996",5327,16910,13285,5163,18612,22073,40685
"MD",24,2,"1997",5372,17436,13226,5163,18598,22599,41197
"MD",24,2,"1998",5886,18193,14329,4882,20215,23075,43290
"MD",24,2,"1999",2126,19201,6377,4892,8503,24093,32596
"MD",24,2,"2000",6376,19622,14399,4593,20775,24215,44990
"MD",24,2,"2001",6429,19859,14445,4744,20874,24603,45477
"MD",24,2,"2002",7089,20513,14756,4448,21845,24961,46806
"MD",24,2,"2003",7448,21008,15215,4373,22663,25381,48044
"MD",24,2,"2004",7649,21465,15381,4084,23030,25549,48579
"MD",24,2,"2005",7926,22309,16027,4074,23953,26383,50336
"MD",24,2,"2006",8146,22928,16121,3733,24267,26661,50928
"MD",24,2,"2007",8652,23278,16034,3408,24686,26686,51372
"MD",24,2,"2008",8560,23496,16031,3136,24591,26632,51223
"MD",24,2,"2009",9129,24120,15619,2899,24748,27019,51767
"MD",24,2,"2010",9752,24957,15711,2838,25463,27795,53258
"MD",24,2,"2011",10141,25674,14822,2912,24963,28586,53549
"MD",24,2,"2012",10074,25805,14859,2919,24933,28724,53657
"MD",24,2,"2013",10453,25601,14171,3080,24624,28681,53305
"MD",24,2,"2014",10340,25320,14384,2778,24724,28098,52822
"MA",25,2,"1980",31301,121517,23327,44959,54628,166476,221104
"MA",25,2,"1984",34162,120078,26334,45488,60496,165566,226062
"MA",25,2,"1985",35184,119431,26393,43009,61577,162440,224017
"MA",25,2,"1986",35128,121744,26722,42828,61850,164572,226422
"MA",25,2,"1987",35611,123542,26961,42236,62572,165778,228350
"MA",25,2,"1988",36615,124884,27483,41485,64098,166369,230467
"MA",25,2,"1989",36918,125693,28263,43912,65181,169605,234786
"MA",25,2,"1990",36544,123043,26738,42693,63282,165736,229018
"MA",25,2,"1991",40797,121359,28748,42158,69545,163517,233062
"MA",25,2,"1992",41642,121099,29482,42525,71124,163624,234748
"MA",25,2,"1993",43506,120421,30782,41752,74288,162173,236461
"MA",25,2,"1994",43507,120343,31015,39100,74522,159443,233965
"MA",25,2,"1995",45114,121132,30814,37436,75928,158568,234496
"MA",25,2,"1996",44584,122494,30535,36378,75119,158872,233991
"MA",25,2,"1997",45101,124454,29667,34165,74768,158619,233387
"MA",25,2,"1998",44854,125225,31304,30986,76158,156211,232369
"MA",25,2,"1999",21629,127173,16243,28730,37872,155903,193775
"MA",25,2,"2000",46424,128687,32064,27073,78488,155760,234248
"MA",25,2,"2001",46944,129433,30922,25731,77866,155164,233030
"MA",25,2,"2002",49335,132772,32927,24731,82262,157503,239765
"MA",25,2,"2003",51462,134473,33409,21886,84871,156359,241230
"MA",25,2,"2004",53466,137094,33452,21125,86918,158219,245137
"MA",25,2,"2005",53001,141758,35048,19874,88049,161632,249681
"MA",25,2,"2006",55081,142907,36147,19314,91228,162221,253449
"MA",25,2,"2007",56588,146339,37914,18381,94502,164720,259222
"MA",25,2,"2008",58013,148725,38914,18293,96927,167018,263945
"MA",25,2,"2009",60532,150656,40635,18009,101167,168665,269832
"MA",25,2,"2010",63853,152334,39423,18617,103276,170951,274227
"MA",25,2,"2011",64569,150849,39924,17989,104493,168838,273331
"MA",25,2,"2012",64970,154480,40516,18129,105486,172609,278095
"MA",25,2,"2013",65739,154857,40561,18194,106300,173051,279351
"MA",25,2,"2014",65976,155530,39838,17876,105814,173406,279220
"MI",26,2,"1980",3950,35226,3326,12063,7276,47289,54565
"MI",26,2,"1984",3868,35636,4466,13786,8334,49422,57756
"MI",26,2,"1985",3791,35613,5140,13640,8931,49253,58184
"MI",26,2,"1986",3649,37344,5352,15988,9001,53332,62333
"MI",26,2,"1987",2765,37851,5751,16870,8516,54721,63237
"MI",26,2,"1988",2777,38375,5958,16084,8735,54459,63194
"MI",26,2,"1989",3054,37440,6861,17756,9915,55196,65111
"MI",26,2,"1990",3102,37756,7104,18175,10206,55931,66137
"MI",26,2,"1991",3465,38468,7488,19032,10953,57500,68453
"MI",26,2,"1992",3374,39162,7588,20044,10962,59206,70168
"MI",26,2,"1993",3419,39272,8166,19887,11585,59159,70744
"MI",26,2,"1994",3371,38524,8686,19785,12057,58309,70366
"MI",26,2,"1995",3484,38758,9604,20821,13088,59579,72667
"MI",26,2,"1996",4968,39058,9092,20022,14060,59080,73140
"MI",26,2,"1997",6098,39776,9101,20474,15199,60250,75449
"MI",26,2,"1998",7432,39836,8609,20150,16041,59986,76027
"MI",26,2,"1999",6772,41337,6896,20459,13668,61796,75464
"MI",26,2,"2000",9062,42844,9431,21682,18493,64526,83019
"MI",26,2,"2001",9529,45044,10011,21268,19540,66312,85852
"MI",26,2,"2002",10388,47617,10741,22734,21129,70351,91480
"MI",26,2,"2003",10348,50545,11168,24243,21516,74788,96304
"MI",26,2,"2004",9780,54441,12223,33438,22003,87879,109882
"MI",26,2,"2005",8801,55547,12453,34800,21254,90347,111601
"MI",26,2,"2006",8312,55899,13030,36049,21342,91948,113290
"MI",26,2,"2007",8696,56788,13696,35928,22392,92716,115108
"MI",26,2,"2008",8829,58431,13565,34681,22394,93112,115506
"MI",26,2,"2009",7066,63501,15635,36858,22701,100359,123060
"MI",26,2,"2010",6825,63365,16508,37641,23333,101006,124339
"MI",26,2,"2011",6749,61505,15844,36054,22593,97559,120152
"MI",26,2,"2012",6585,58940,14574,34577,21159,93517,114676
"MI",26,2,"2013",6107,56070,13227,32784,19334,88854,108188
"MI",26,2,"2014",6161,51124,12177,29734,18338,80858,99196
"MN",27,2,"1980",2878,30803,2079,2555,4957,33358,38315
"MN",27,2,"1984",2891,30456,3770,3683,6661,34139,40800
"MN",27,2,"1985",2811,30273,4174,3722,6985,33995,40980
"MN",27,2,"1986",3664,32005,3924,3944,7588,35949,43537
"MN",27,2,"1987",3664,33246,4773,3917,8437,37163,45600
"MN",27,2,"1988",2893,34941,6083,4069,8976,39010,47986
"MN",27,2,"1989",2957,34605,6380,3996,9337,38601,47938
"MN",27,2,"1990",3222,34938,7078,4134,10300,39072,49372
"MN",27,2,"1991",3352,34869,7598,4494,10950,39363,50313
"MN",27,2,"1992",3702,34903,11789,4266,15491,39169,54660
"MN",27,2,"1993",4222,34874,12499,4252,16721,39126,55847
"MN",27,2,"1994",4602,35179,12930,4154,17532,39333,56865
"MN",27,2,"1995",4924,35629,13784,3970,18708,39599,58307
"MN",27,2,"1996",5019,36102,15233,3961,20252,40063,60315
"MN",27,2,"1997",4930,36566,11081,4130,16011,40696,56707
"MN",27,2,"1998",5011,37932,11898,3875,16909,41807,58716
"MN",27,2,"1999",4702,38923,6025,4170,10727,43093,53820
"MN",27,2,"2000",6265,39589,11304,4818,17569,44407,61976
"MN",27,2,"2001",6396,40207,12156,4960,18552,45167,63719
"MN",27,2,"2002",6783,41328,11939,4856,18722,46184,64906
"MN",27,2,"2003",7112,42390,11683,5334,18795,47724,66519
"MN",27,2,"2004",7715,42981,10619,5033,18334,48014,66348
"MN",27,2,"2005",8297,43263,11283,5572,19580,48835,68415
"MN",27,2,"2006",8174,43497,11934,6191,20108,49688,69796
"MN",27,2,"2007",8666,44015,12133,6596,20799,50611,71410
"MN",27,2,"2008",9540,44444,11692,6158,21232,50602,71834
"MN",27,2,"2009",9965,44556,11825,6380,21790,50936,72726
"MN",27,2,"2010",10024,44869,11875,6410,21899,51279,73178
"MN",27,2,"2011",10724,43789,10654,6674,21378,50463,71841
"MN",27,2,"2012",10733,43537,10061,6852,20794,50389,71183
"MN",27,2,"2013",10579,42977,10235,7407,20814,50384,71198
"MN",27,2,"2014",11096,42120,10179,7446,21275,49566,70841
"MS",28,2,"1980",147,4826,1408,2399,1555,7225,8780
"MS",28,2,"1984",459,5193,900,2097,1359,7290,8649
"MS",28,2,"1985",448,5325,867,2008,1315,7333,8648
"MS",28,2,"1986",392,5533,1220,2005,1612,7538,9150
"MS",28,2,"1987",394,5718,1221,2194,1615,7912,9527
"MS",28,2,"1988",564,5616,1306,2309,1870,7925,9795
"MS",28,2,"1989",598,5939,975,2248,1573,8187,9760
"MS",28,2,"1990",587,6446,925,1970,1512,8416,9928
"MS",28,2,"1991",595,6520,1056,2200,1651,8720,10371
"MS",28,2,"1992",588,7286,1054,1875,1642,9161,10803
"MS",28,2,"1993",612,7564,1040,1900,1652,9464,11116
"MS",28,2,"1994",629,7254,1110,2068,1739,9322,11061
"MS",28,2,"1995",705,7062,1064,1835,1769,8897,10666
"MS",28,2,"1996",684,6720,1178,1702,1862,8422,10284
"MS",28,2,"1997",860,7091,1118,1641,1978,8732,10710
"MS",28,2,"1998",807,7375,1070,1288,1877,8663,10540
"MS",28,2,"1999",703,7612,460,1315,1163,8927,10090
"MS",28,2,"2000",836,7820,1164,1192,2000,9012,11012
"MS",28,2,"2001",1047,7766,1054,1204,2101,8970,11071
"MS",28,2,"2002",1121,7906,1046,1130,2167,9036,11203
"MS",28,2,"2003",1371,8697,1106,1051,2477,9748,12225
"MS",28,2,"2004",1364,8947,1240,1016,2604,9963,12567
"MS",28,2,"2005",1451,8852,1352,931,2803,9783,12586
"MS",28,2,"2006",1492,8828,1354,940,2846,9768,12614
"MS",28,2,"2007",1723,9004,1455,1099,3178,10103,13281
"MS",28,2,"2008",1924,9339,1609,1061,3533,10400,13933
"MS",28,2,"2009",1972,9972,1670,1141,3642,11113,14755
"MS",28,2,"2010",2291,10178,1781,1148,4072,11326,15398
"MS",28,2,"2011",2150,9028,2272,2376,4422,11404,15826
"MS",28,2,"2012",2419,8857,2406,2376,4825,11233,16058
"MS",28,2,"2013",2353,8630,2680,2383,5033,11013,16046
"MS",28,2,"2014",2439,8855,2918,2164,5357,11019,16376
"MO",29,2,"1980",9573,32146,7227,13926,16800,46072,62872
"MO",29,2,"1984",9570,31999,8334,12879,17904,44878,62782
"MO",29,2,"1985",9189,30273,9164,14711,18353,44984,63337
"MO",29,2,"1986",9091,31332,9796,20658,18887,51990,70877
"MO",29,2,"1987",9601,32651,11166,20387,20767,53038,73805
"MO",29,2,"1988",9375,34058,11747,21324,21122,55382,76504
"MO",29,2,"1989",9733,35650,11480,23152,21213,58802,80015
"MO",29,2,"1990",10059,36187,12384,23921,22443,60108,82551
"MO",29,2,"1991",10853,39317,12290,25073,23143,64390,87533
"MO",29,2,"1992",11358,39175,12630,26518,23988,65693,89681
"MO",29,2,"1993",12570,38742,12403,26420,24973,65162,90135
"MO",29,2,"1994",12366,39676,13139,26386,25505,66062,91567
"MO",29,2,"1995",14354,39637,12634,26028,26988,65665,92653
"MO",29,2,"1996",15947,41426,12539,23243,28486,64669,93155
"MO",29,2,"1997",18368,40277,11612,30978,29980,71255,101235
"MO",29,2,"1998",14794,44769,15666,28529,30460,73298,103758
"MO",29,2,"1999",10592,45787,11916,28786,22508,74573,97081
"MO",29,2,"2000",15937,46946,16569,28068,32506,75014,107520
"MO",29,2,"2001",16689,47304,18054,28190,34743,75494,110237
"MO",29,2,"2002",18920,49195,19359,30139,38279,79334,117613
"MO",29,2,"2003",20355,51050,21875,33255,42230,84305,126535
"MO",29,2,"2004",21739,52794,22149,35364,43888,88158,132046
"MO",29,2,"2005",22088,53598,22652,37562,44740,91160,135900
"MO",29,2,"2006",21949,56313,23372,36259,45321,92572,137893
"MO",29,2,"2007",23245,57022,24067,36341,47312,93363,140675
"MO",29,2,"2008",23769,58114,25140,36742,48909,94856,143765
"MO",29,2,"2009",24276,59649,25879,37860,50155,97509,147664
"MO",29,2,"2010",24260,63711,26014,37529,50274,101240,151514
"MO",29,2,"2011",23495,64653,26159,38245,49654,102898,152552
"MO",29,2,"2012",23427,65077,25775,38090,49202,103167,152369
"MO",29,2,"2013",23456,64765,26033,36803,49489,101568,151057
"MO",29,2,"2014",22865,63515,26145,36160,49010,99675,148685
"MT",30,2,"1980",0,2123,36,1276,36,3399,3435
"MT",30,2,"1984",19,2108,242,1500,261,3608,3869
"MT",30,2,"1985",18,2059,127,1353,145,3412,3557
"MT",30,2,"1986",10,2081,144,1425,154,3506,3660
"MT",30,2,"1987",4,2213,75,1693,79,3906,3985
"MT",30,2,"1988",3,2484,70,1452,73,3936,4009
"MT",30,2,"1989",2,2503,93,1358,95,3861,3956
"MT",30,2,"1990",8,2398,116,1223,124,3621,3745
"MT",30,2,"1991",9,2616,71,1215,80,3831,3911
"MT",30,2,"1992",24,2775,67,1354,91,4129,4220
"MT",30,2,"1993",32,3013,94,1277,126,4290,4416
"MT",30,2,"1994",28,3150,87,1164,115,4314,4429
"MT",30,2,"1995",42,3097,104,1095,146,4192,4338
"MT",30,2,"1996",51,3081,93,1071,144,4152,4296
"MT",30,2,"1997",73,2958,90,992,163,3950,4113
"MT",30,2,"1998",77,2955,87,1071,164,4026,4190
"MT",30,2,"1999",50,2897,62,990,112,3887,3999
"MT",30,2,"2000",46,2789,66,1181,112,3970,4082
"MT",30,2,"2001",41,2847,85,996,126,3843,3969
"MT",30,2,"2002",42,2955,60,1021,102,3976,4078
"MT",30,2,"2003",81,3159,58,952,139,4111,4250
"MT",30,2,"2004",76,3344,59,844,135,4188,4323
"MT",30,2,"2005",78,3307,72,911,150,4218,4368
"MT",30,2,"2006",81,3104,52,802,133,3906,4039
"MT",30,2,"2007",74,3101,61,807,135,3908,4043
"MT",30,2,"2008",21,2924,52,786,73,3710,3783
"MT",30,2,"2009",90,3383,52,877,142,4260,4402
"MT",30,2,"2010",81,3664,54,779,135,4443,4578
"MT",30,2,"2011",104,3768,46,748,150,4516,4666
"MT",30,2,"2012",120,3873,44,587,164,4460,4624
"MT",30,2,"2013",128,3657,43,648,171,4305,4476
"MT",30,2,"2014",126,3647,40,691,166,4338,4504
"NE",31,2,"1980",1392,10636,382,3000,1774,13636,15410
"NE",31,2,"1984",1351,10379,485,4236,1836,14615,16451
"NE",31,2,"1985",1401,9807,520,4169,1921,13976,15897
"NE",31,2,"1986",1414,9936,529,4372,1943,14308,16251
"NE",31,2,"1987",1517,9657,530,3870,2047,13527,15574
"NE",31,2,"1988",1416,10118,554,4167,1970,14285,16255
"NE",31,2,"1989",1461,10752,498,4087,1959,14839,16798
"NE",31,2,"1990",1572,11200,630,4114,2202,15314,17516
"NE",31,2,"1991",1687,11364,729,4327,2416,15691,18107
"NE",31,2,"1992",1731,11779,828,4156,2559,15935,18494
"NE",31,2,"1993",2022,12030,774,3886,2796,15916,18712
"NE",31,2,"1994",2134,12188,967,3940,3101,16128,19229
"NE",31,2,"1995",2149,12160,1209,3581,3358,15741,19099
"NE",31,2,"1996",2345,12188,1127,3347,3472,15535,19007
"NE",31,2,"1997",2469,12914,1155,3406,3624,16320,19944
"NE",31,2,"1998",2437,13273,1214,3466,3651,16739,20390
"NE",31,2,"1999",2392,13446,949,3400,3341,16846,20187
"NE",31,2,"2000",2859,13865,1240,2939,4099,16804,20903
"NE",31,2,"2001",2943,14181,1441,2978,4384,17159,21543
"NE",31,2,"2002",3066,14455,1535,2875,4601,17330,21931
"NE",31,2,"2003",3500,15076,1632,2884,5132,17960,23092
"NE",31,2,"2004",3634,15954,1912,3213,5546,19167,24713
"NE",31,2,"2005",3906,15830,1954,3500,5860,19330,25190
"NE",31,2,"2006",4356,16457,2175,3397,6531,19854,26385
"NE",31,2,"2007",4509,16761,2460,3721,6969,20482,27451
"NE",31,2,"2008",4914,16120,2627,4402,7541,20522,28063
"NE",31,2,"2009",5307,18554,3495,3941,8802,22495,31297
"NE",31,2,"2010",5796,18949,3734,4309,9530,23258,32788
"NE",31,2,"2011",5732,18755,4152,4317,9884,23072,32956
"NE",31,2,"2012",5761,17983,4481,4436,10242,22419,32661
"NE",31,2,"2013",7021,19068,3627,3547,10648,22615,33263
"NE",31,2,"2014",7115,19243,3892,3348,11007,22591,33598
"NV",32,2,"1980",3,126,7,39,10,165,175
"NV",32,2,"1984",20,86,0,46,20,132,152
"NV",32,2,"1985",6,124,0,63,6,187,193
"NV",32,2,"1986",0,94,0,0,0,94,94
"NV",32,2,"1987",1,117,0,61,1,178,179
"NV",32,2,"1988",0,118,0,43,0,161,161
"NV",32,2,"1989",3,165,14,82,17,247,264
"NV",32,2,"1990",26,182,33,72,59,254,313
"NV",32,2,"1991",27,210,42,50,69,260,329
"NV",32,2,"1992",0,275,0,140,0,415,415
"NV",32,2,"1993",45,238,79,50,124,288,412
"NV",32,2,"1994",54,236,116,94,170,330,500
"NV",32,2,"1995",37,244,117,68,154,312,466
"NV",32,2,"1996",69,276,185,53,254,329,583
"NV",32,2,"1997",58,307,190,61,248,368,616
"NV",32,2,"1998",72,290,159,64,231,354,585
"NV",32,2,"1999",177,279,101,27,278,306,584
"NV",32,2,"2000",91,281,164,50,255,331,586
"NV",32,2,"2001",82,268,175,35,257,303,560
"NV",32,2,"2002",86,275,163,55,249,330,579
"NV",32,2,"2003",65,277,133,27,198,304,502
"NV",32,2,"2004",150,287,26,42,176,329,505
"NV",32,2,"2005",524,329,119,56,643,385,1028
"NV",32,2,"2006",862,310,106,18,968,328,1296
"NV",32,2,"2007",973,378,119,34,1092,412,1504
"NV",32,2,"2008",989,450,246,34,1235,484,1719
"NV",32,2,"2009",926,513,285,12,1211,525,1736
"NV",32,2,"2010",2044,772,487,67,2531,839,3370
"NV",32,2,"2011",2111,858,517,68,2628,926,3554
"NV",32,2,"2012",2144,787,393,97,2537,884,3421
"NV",32,2,"2013",2341,741,407,57,2748,798,3546
"NV",32,2,"2014",2501,826,403,32,2904,858,3762
"NH",33,2,"1980",1044,12145,1188,3177,2232,15322,17554
"NH",33,2,"1984",1505,12757,1891,3958,3396,16715,20111
"NH",33,2,"1985",1690,12661,1973,3838,3663,16499,20162
"NH",33,2,"1986",1583,11985,1894,3096,3477,15081,18558
"NH",33,2,"1987",2196,10819,2213,3193,4409,14012,18421
"NH",33,2,"1988",1900,12894,2275,4275,4175,17169,21344
"NH",33,2,"1989",2870,11559,1540,6052,4410,17611,22021
"NH",33,2,"1990",2310,11522,2267,5952,4577,17474,22051
"NH",33,2,"1991",2359,12187,2396,6114,4755,18301,23056
"NH",33,2,"1992",2805,11191,2339,5835,5144,17026,22170
"NH",33,2,"1993",2384,11234,2582,5595,4966,16829,21795
"NH",33,2,"1994",2813,10677,2403,5416,5216,16093,21309
"NH",33,2,"1995",2745,10984,2563,5297,5308,16281,21589
"NH",33,2,"1996",2707,11148,2529,5174,5236,16322,21558
"NH",33,2,"1997",2768,11369,2598,5234,5366,16603,21969
"NH",33,2,"1998",2845,11044,2135,3884,4980,14928,19908
"NH",33,2,"1999",1737,10848,2074,3908,3811,14756,18567
"NH",33,2,"2000",2772,11419,1991,2258,4763,13677,18440
"NH",33,2,"2001",2884,12384,2112,2458,4996,14842,19838
"NH",33,2,"2002",3094,12890,2143,2441,5237,15331,20568
"NH",33,2,"2003",3240,13194,2187,2278,5427,15472,20899
"NH",33,2,"2004",3276,13326,2556,2308,5832,15634,21466
"NH",33,2,"2005",3357,13730,2157,2213,5514,15943,21457
"NH",33,2,"2006",3443,14132,2461,2479,5904,16611,22515
"NH",33,2,"2007",3566,14296,2519,2447,6085,16743,22828
"NH",33,2,"2008",3748,14462,2867,2579,6615,17041,23656
"NH",33,2,"2009",4147,14332,3301,2666,7448,16998,24446
"NH",33,2,"2010",4812,14725,3259,2833,8071,17558,25629
"NH",33,2,"2011",5320,15398,4036,4295,9356,19693,29049
"NH",33,2,"2012",6216,17344,5148,6379,11364,23723,35087
"NH",33,2,"2013",7602,21128,7600,9853,15202,30981,46183
"NH",33,2,"2014",7964,26090,10826,16447,18790,42537,61327
"NJ",34,2,"1980",5606,30763,10852,10662,16458,41425,57883
"NJ",34,2,"1984",5793,27042,10347,10551,16140,37593,53733
"NJ",34,2,"1985",5912,25990,10502,10061,16414,36051,52465
"NJ",34,2,"1986",5664,25557,10320,10445,15984,36002,51986
"NJ",34,2,"1987",5813,25122,10293,10439,16106,35561,51667
"NJ",34,2,"1988",6046,25239,10001,10501,16047,35740,51787
"NJ",34,2,"1989",6021,25677,10144,10689,16165,36366,52531
"NJ",34,2,"1990",6190,27525,11611,12167,17801,39692,57493
"NJ",34,2,"1991",6850,27050,12180,12290,19030,39340,58370
"NJ",34,2,"1992",7110,26744,12304,12762,19414,39506,58920
"NJ",34,2,"1993",7190,26653,12028,12706,19218,39359,58577
"NJ",34,2,"1994",7121,27051,11745,12185,18866,39236,58102
"NJ",34,2,"1995",7330,27699,11160,11856,18490,39555,58045
"NJ",34,2,"1996",7230,28625,11129,11457,18359,40082,58441
"NJ",34,2,"1997",7116,29422,11399,10733,18515,40155,58670
"NJ",34,2,"1998",7200,30620,11646,10051,18846,40671,59517
"NJ",34,2,"1999",6433,31289,8434,9559,14867,40848,55715
"NJ",34,2,"2000",7858,32309,12218,9544,20076,41853,61929
"NJ",34,2,"2001",8503,33256,12567,9200,21070,42456,63526
"NJ",34,2,"2002",9288,34264,12967,8965,22255,43229,65484
"NJ",34,2,"2003",9875,35498,12920,9085,22795,44583,67378
"NJ",34,2,"2004",10435,36377,13261,9344,23696,45721,69417
"NJ",34,2,"2005",10788,36922,13169,9206,23957,46128,70085
"NJ",34,2,"2006",11081,37784,13595,9306,24676,47090,71766
"NJ",34,2,"2007",12111,38593,13537,9628,25648,48221,73869
"NJ",34,2,"2008",12694,39676,13739,8993,26433,48669,75102
"NJ",34,2,"2009",13141,40897,13514,8462,26655,49359,76014
"NJ",34,2,"2010",13514,41541,12577,8396,26091,49937,76028
"NJ",34,2,"2011",13280,41331,12127,8168,25407,49499,74906
"NJ",34,2,"2012",13222,41736,11541,7943,24763,49679,74442
"NJ",34,2,"2013",13533,41568,11231,7204,24764,48772,73536
"NJ",34,2,"2014",14466,41969,10630,6895,25096,48864,73960
"NM",35,2,"1980",21,386,11,137,32,523,555
"NM",35,2,"1984",39,386,32,107,71,493,564
"NM",35,2,"1985",40,361,20,122,60,483,543
"NM",35,2,"1986",11,123,49,84,60,207,267
"NM",35,2,"1987",38,488,16,91,54,579,633
"NM",35,2,"1988",36,519,7,78,43,597,640
"NM",35,2,"1989",42,528,2,73,44,601,645
"NM",35,2,"1990",53,587,7,98,60,685,745
"NM",35,2,"1991",57,555,7,122,64,677,741
"NM",35,2,"1992",67,586,9,151,76,737,813
"NM",35,2,"1993",77,608,7,111,84,719,803
"NM",35,2,"1994",104,643,12,107,116,750,866
"NM",35,2,"1995",109,643,100,119,209,762,971
"NM",35,2,"1996",172,667,98,170,270,837,1107
"NM",35,2,"1997",196,698,99,163,295,861,1156
"NM",35,2,"1998",159,746,114,165,273,911,1184
"NM",35,2,"1999",150,716,129,165,279,881,1160
"NM",35,2,"2000",120,699,115,155,235,854,1089
"NM",35,2,"2001",208,747,184,146,392,893,1285
"NM",35,2,"2002",250,845,251,236,501,1081,1582
"NM",35,2,"2003",241,903,201,229,442,1132,1574
"NM",35,2,"2004",246,836,134,186,380,1022,1402
"NM",35,2,"2005",217,826,123,140,340,966,1306
"NM",35,2,"2006",203,762,112,114,315,876,1191
"NM",35,2,"2007",248,760,143,74,391,834,1225
"NM",35,2,"2008",211,770,108,59,319,829,1148
"NM",35,2,"2009",273,681,154,50,427,731,1158
"NM",35,2,"2010",286,659,131,44,417,703,1120
"NM",35,2,"2011",221,618,319,59,540,677,1217
"NM",35,2,"2012",249,596,401,88,650,684,1334
"NM",35,2,"2013",310,537,536,120,846,657,1503
"NM",35,2,"2014",270,575,592,131,862,706,1568
"NY",36,2,"1980",48269,206184,68121,74959,116390,281143,397533
"NY",36,2,"1984",48078,209409,65876,76709,113954,286118,400072
"NY",36,2,"1985",49077,210701,64934,72896,114011,283597,397608
"NY",36,2,"1986",50140,224732,65555,55736,115695,280468,396163
"NY",36,2,"1987",52079,210035,62657,63968,114736,274003,388739
"NY",36,2,"1988",53533,208027,64412,59838,117945,267865,385810
"NY",36,2,"1989",53929,206413,64169,62230,118098,268643,386741
"NY",36,2,"1990",56745,208341,64737,63126,121482,271467,392949
"NY",36,2,"1991",59140,207671,64696,61075,123836,268746,392582
"NY",36,2,"1992",60233,212070,67222,63209,127455,275279,402734
"NY",36,2,"1993",61989,211091,65566,64413,127555,275504,403059
"NY",36,2,"1994",63402,209839,67032,65103,130434,274942,405376
"NY",36,2,"1995",64046,209930,66621,66397,130667,276327,406994
"NY",36,2,"1996",65126,213035,65202,66197,130328,279232,409560
"NY",36,2,"1997",65865,215655,63964,63587,129829,279242,409071
"NY",36,2,"1998",67293,221690,61951,60505,129244,282195,411439
"NY",36,2,"1999",38130,227190,33324,60489,71454,287679,359133
"NY",36,2,"2000",69833,230009,62199,59500,132032,289509,421541
"NY",36,2,"2001",73186,239015,64130,40892,137316,279907,417223
"NY",36,2,"2002",78850,248472,69030,60575,147880,309047,456927
"NY",36,2,"2003",85316,258114,67361,65045,152677,323159,475836
"NY",36,2,"2004",86282,261690,68392,66312,154674,328002,482676
"NY",36,2,"2005",88514,266794,70464,66661,158978,333455,492433
"NY",36,2,"2006",90731,268541,70116,66476,160847,335017,495864
"NY",36,2,"2007",94089,267873,66790,68793,160879,336666,497545
"NY",36,2,"2008",97187,270670,66760,66400,163947,337070,501017
"NY",36,2,"2009",102066,276290,65221,70157,167287,346447,513734
"NY",36,2,"2010",104909,283867,64209,69339,169118,353206,522324
"NY",36,2,"2011",105865,286141,62760,73383,168625,359524,528149
"NY",36,2,"2012",106170,286925,61557,77459,167727,364384,532111
"NY",36,2,"2013",107083,286105,59871,76388,166954,362493,529447
"NY",36,2,"2014",107416,285794,57324,75682,164740,361476,526216
"NC",37,2,"1980",5710,42837,1229,3760,6939,46597,53536
"NC",37,2,"1984",5461,41310,2345,5601,7806,46911,54717
"NC",37,2,"1985",6053,41429,2179,5921,8232,47350,55582
"NC",37,2,"1986",6646,41802,1970,6047,8616,47849,56465
"NC",37,2,"1987",6394,42398,2655,6496,9049,48894,57943
"NC",37,2,"1988",6446,44753,2572,7174,9018,51927,60945
"NC",37,2,"1989",8605,46221,2785,7250,11390,53471,64861
"NC",37,2,"1990",7098,46411,2478,7212,9576,53623,63199
"NC",37,2,"1991",7335,45587,2556,7910,9891,53497,63388
"NC",37,2,"1992",7438,47148,2395,8149,9833,55297,65130
"NC",37,2,"1993",7557,46406,2643,8536,10200,54942,65142
"NC",37,2,"1994",7752,45386,3207,7351,10959,52737,63696
"NC",37,2,"1995",8116,47451,3214,8483,11330,55934,67264
"NC",37,2,"1996",8555,48580,3626,7884,12181,56464,68645
"NC",37,2,"1997",8858,49973,3723,7656,12581,57629,70210
"NC",37,2,"1998",9059,51753,3761,7408,12820,59161,71981
"NC",37,2,"1999",4711,51988,2083,7618,6794,59606,66400
"NC",37,2,"2000",9772,53058,3826,6845,13598,59903,73501
"NC",37,2,"2001",10106,52897,4120,7713,14226,60610,74836
"NC",37,2,"2002",10977,54489,4642,8246,15619,62735,78354
"NC",37,2,"2003",11132,55149,4631,8155,15763,63304,79067
"NC",37,2,"2004",11749,56801,4813,8714,16562,65515,82077
"NC",37,2,"2005",11889,58165,4537,8149,16426,66314,82740
"NC",37,2,"2006",11765,59883,4142,7110,15907,66993,82900
"NC",37,2,"2007",12302,60714,4804,7235,17106,67949,85055
"NC",37,2,"2008",13087,61325,4952,7199,18039,68524,86563
"NC",37,2,"2009",13520,62984,5017,6921,18537,69905,88442
"NC",37,2,"2010",14136,65079,5158,6988,19294,72067,91361
"NC",37,2,"2011",14733,64661,5508,8540,20241,73201,93442
"NC",37,2,"2012",14892,63825,5851,8749,20743,72574,93317
"NC",37,2,"2013",17042,63897,6247,8472,23289,72369,95658
"NC",37,2,"2014",17283,63897,6627,7996,23910,71893,95803
"ND",38,2,"1980",0,1643,0,317,0,1960,1960
"ND",38,2,"1984",1,1894,77,565,78,2459,2537
"ND",38,2,"1985",4,1918,89,533,93,2451,2544
"ND",38,2,"1986",2,1967,114,503,116,2470,2586
"ND",38,2,"1987",114,2214,0,481,114,2695,2809
"ND",38,2,"1988",13,2324,157,515,170,2839,3009
"ND",38,2,"1989",8,2497,149,504,157,3001,3158
"ND",38,2,"1990",10,2838,136,513,146,3351,3497
"ND",38,2,"1991",5,3286,152,557,157,3843,4000
"ND",38,2,"1992",5,3466,146,562,151,4028,4179
"ND",38,2,"1993",7,3457,128,522,135,3979,4114
"ND",38,2,"1994",17,3390,88,635,105,4025,4130
"ND",38,2,"1995",16,3506,116,557,132,4063,4195
"ND",38,2,"1996",42,3607,107,700,149,4307,4456
"ND",38,2,"1997",131,3719,83,531,214,4250,4464
"ND",38,2,"1998",194,3982,71,537,265,4519,4784
"ND",38,2,"1999",218,3990,53,599,271,4589,4860
"ND",38,2,"2000",233,3895,104,577,337,4472,4809
"ND",38,2,"2001",281,3968,112,568,393,4536,4929
"ND",38,2,"2002",276,4318,170,708,446,5026,5472
"ND",38,2,"2003",325,4328,142,791,467,5119,5586
"ND",38,2,"2004",361,4384,169,622,530,5006,5536
"ND",38,2,"2005",420,4478,141,643,561,5121,5682
"ND",38,2,"2006",498,4233,161,663,659,4896,5555
"ND",38,2,"2007",369,4244,354,756,723,5000,5723
"ND",38,2,"2008",449,3949,322,880,771,4829,5600
"ND",38,2,"2009",462,4111,380,924,842,5035,5877
"ND",38,2,"2010",574,4285,379,996,953,5281,6234
"ND",38,2,"2011",621,3868,390,776,1011,4644,5655
"ND",38,2,"2012",459,3748,396,710,855,4458,5313
"ND",38,2,"2013",148,3697,760,743,908,4440,5348
"ND",38,2,"2014",546,3580,317,520,863,4100,4963
"OH",39,2,"1980",8097,58894,9696,13696,17793,72590,90383
"OH",39,2,"1984",7728,58479,10152,16464,17880,74943,92823
"OH",39,2,"1985",7832,58428,9576,16359,17408,74787,92195
"OH",39,2,"1986",8098,60088,10389,17669,18487,77757,96244
"OH",39,2,"1987",8246,62065,11249,18002,19495,80067,99562
"OH",39,2,"1988",8300,64174,11447,18829,19747,83003,102750
"OH",39,2,"1989",7943,66028,11931,18893,19874,84921,104795
"OH",39,2,"1990",8934,67240,12967,20046,21901,87286,109187
"OH",39,2,"1991",8939,67728,13144,20613,22083,88341,110424
"OH",39,2,"1992",9054,68563,13335,20747,22389,89310,111699
"OH",39,2,"1993",9395,69818,13932,20517,23327,90335,113662
"OH",39,2,"1994",9646,70428,14002,20278,23648,90706,114354
"OH",39,2,"1995",9781,70982,14125,19719,23906,90701,114607
"OH",39,2,"1996",10714,72331,14131,19097,24845,91428,116273
"OH",39,2,"1997",10892,72754,14519,19102,25411,91856,117267
"OH",39,2,"1998",11010,74614,14713,18502,25723,93116,118839
"OH",39,2,"1999",7344,75743,7860,18330,15204,94073,109277
"OH",39,2,"2000",12810,77610,14031,17441,26841,95051,121892
"OH",39,2,"2001",13042,78941,14945,17937,27987,96878,124865
"OH",39,2,"2002",14250,80613,14459,17532,28709,98145,126854
"OH",39,2,"2003",15847,82407,14506,18074,30353,100481,130834
"OH",39,2,"2004",15389,84743,14991,18472,30380,103215,133595
"OH",39,2,"2005",15317,86161,14513,18574,29830,104735,134565
"OH",39,2,"2006",15344,87597,14359,18714,29703,106311,136014
"OH",39,2,"2007",15256,88452,14374,18260,29630,106712,136342
"OH",39,2,"2008",16122,89151,13831,18756,29953,107907,137860
"OH",39,2,"2009",16973,90300,14189,19571,31162,109871,141033
"OH",39,2,"2010",17113,92971,14134,21227,31247,114198,145445
"OH",39,2,"2011",17253,92515,13012,22739,30265,115254,145519
"OH",39,2,"2012",16573,92290,12872,23484,29445,115774,145219
"OH",39,2,"2013",16643,91226,12635,22077,29278,113303,142581
"OH",39,2,"2014",16619,90171,11618,22221,28237,112392,140629
"OK",40,2,"1980",1384,13077,1992,3292,3376,16369,19745
"OK",40,2,"1984",2361,11768,1380,3019,3741,14787,18528
"OK",40,2,"1985",2515,11419,1353,2824,3868,14243,18111
"OK",40,2,"1986",2073,10912,903,2714,2976,13626,16602
"OK",40,2,"1987",2364,11565,1327,2701,3691,14266,17957
"OK",40,2,"1988",2306,11704,1457,2500,3763,14204,17967
"OK",40,2,"1989",2306,11704,1457,2500,3763,14204,17967
"OK",40,2,"1990",2096,11430,1392,2382,3488,13812,17300
"OK",40,2,"1991",3672,12831,645,2165,4317,14996,19313
"OK",40,2,"1992",3129,12493,1578,2814,4707,15307,20014
"OK",40,2,"1993",3342,12844,1446,2754,4788,15598,20386
"OK",40,2,"1994",3126,12935,1514,2658,4640,15593,20233
"OK",40,2,"1995",3368,12042,1591,2608,4959,14650,19609
"OK",40,2,"1996",2995,12536,1608,2668,4603,15204,19807
"OK",40,2,"1997",2906,12866,1465,2444,4371,15310,19681
"OK",40,2,"1998",2840,13470,1651,2673,4491,16143,20634
"OK",40,2,"1999",1336,13589,411,2633,1747,16222,17969
"OK",40,2,"2000",2755,14317,1512,2142,4267,16459,20726
"OK",40,2,"2001",2993,14365,1511,2792,4504,17157,21661
"OK",40,2,"2002",3133,13940,1481,2855,4614,16795,21409
"OK",40,2,"2003",3316,14028,1493,2911,4809,16939,21748
"OK",40,2,"2004",3228,13846,1601,3065,4829,16911,21740
"OK",40,2,"2005",3299,13900,1392,3297,4691,17197,21888
"OK",40,2,"2006",3051,14512,1308,2559,4359,17071,21430
"OK",40,2,"2007",3189,14605,1235,2461,4424,17066,21490
"OK",40,2,"2008",3068,14566,1303,2553,4371,17119,21490
"OK",40,2,"2009",3386,15117,1251,2330,4637,17447,22084
"OK",40,2,"2010",3244,15413,1383,2617,4627,18030,22657
"OK",40,2,"2011",3496,15529,1219,3184,4715,18713,23428
"OK",40,2,"2012",3153,16204,1607,3068,4760,19272,24032
"OK",40,2,"2013",3190,17405,1668,2854,4858,20259,25117
"OK",40,2,"2014",3228,17164,1652,2693,4880,19857,24737
"OR",41,2,"1980",2308,10548,1807,1631,4115,12179,16294
"OR",41,2,"1984",2364,10614,1829,1886,4193,12500,16693
"OR",41,2,"1985",2551,10557,1762,1635,4313,12192,16505
"OR",41,2,"1986",2601,10559,2138,2009,4739,12568,17307
"OR",41,2,"1987",2702,10973,1585,2064,4287,13037,17324
"OR",41,2,"1988",2673,11572,1448,2013,4121,13585,17706
"OR",41,2,"1989",3019,12027,1496,2233,4515,14260,18775
"OR",41,2,"1990",3208,12500,1655,2272,4863,14772,19635
"OR",41,2,"1991",2904,12989,2110,2920,5014,15909,20923
"OR",41,2,"1992",3293,13347,2199,2805,5492,16152,21644
"OR",41,2,"1993",3148,13796,1989,2870,5137,16666,21803
"OR",41,2,"1994",3311,14038,2319,3002,5630,17040,22670
"OR",41,2,"1995",3537,14209,2131,3085,5668,17294,22962
"OR",41,2,"1996",3805,14525,2493,2783,6298,17308,23606
"OR",41,2,"1997",4110,14266,2166,2906,6276,17172,23448
"OR",41,2,"1998",4233,14550,2156,2744,6389,17294,23683
"OR",41,2,"1999",2933,14608,875,2660,3808,17268,21076
"OR",41,2,"2000",4423,14845,2361,2415,6784,17260,24044
"OR",41,2,"2001",4594,14929,2560,2326,7154,17255,24409
"OR",41,2,"2002",4705,14979,2936,2325,7641,17304,24945
"OR",41,2,"2003",4716,15382,3338,2547,8054,17929,25983
"OR",41,2,"2004",4964,15735,3305,2481,8269,18216,26485
"OR",41,2,"2005",5010,16417,3663,2515,8673,18932,27605
"OR",41,2,"2006",5359,17312,3957,2376,9316,19688,29004
"OR",41,2,"2007",5442,17354,4201,2340,9643,19694,29337
"OR",41,2,"2008",5402,17495,4531,2513,9933,20008,29941
"OR",41,2,"2009",6416,18192,4297,2419,10713,20611,31324
"OR",41,2,"2010",6683,19259,4435,2434,11118,21693,32811
"OR",41,2,"2011",6970,19806,4338,2510,11308,22316,33624
"OR",41,2,"2012",7470,19837,4235,2375,11705,22212,33917
"OR",41,2,"2013",9692,19702,4037,2392,13729,22094,35823
"OR",41,2,"2014",11067,19933,4507,2185,15574,22118,37692
"PA",42,2,"1980",17107,121453,16999,39737,34106,161190,195296
"PA",42,2,"1984",18035,121314,20705,42327,38740,163641,202381
"PA",42,2,"1985",18133,120818,21930,41011,40063,161829,201892
"PA",42,2,"1986",18105,121561,22176,42863,40281,164424,204705
"PA",42,2,"1987",18678,122747,22908,42096,41586,164843,206429
"PA",42,2,"1988",19226,124684,23382,42479,42608,167163,209771
"PA",42,2,"1989",19902,125687,24023,43256,43925,168943,212868
"PA",42,2,"1990",20369,126940,24936,42123,45305,169063,214368
"PA",42,2,"1991",22316,126360,26024,43112,48340,169472,217812
"PA",42,2,"1992",22289,126968,28076,43590,50365,170558,220923
"PA",42,2,"1993",22812,127210,28221,41414,51033,168624,219657
"PA",42,2,"1994",23417,127598,28758,38510,52175,166108,218283
"PA",42,2,"1995",23609,128528,28324,38149,51933,166677,218610
"PA",42,2,"1996",24269,130613,27591,36233,51860,166846,218706
"PA",42,2,"1997",24381,133331,27938,34490,52319,167821,220140
"PA",42,2,"1998",25709,136505,28756,33488,54465,169993,224458
"PA",42,2,"1999",18253,140954,21481,31495,39734,172449,212183
"PA",42,2,"2000",27195,144689,30717,29884,57912,174573,232485
"PA",42,2,"2001",27959,148653,31935,29724,59894,178377,238271
"PA",42,2,"2002",31493,152146,34060,29820,65553,181966,247519
"PA",42,2,"2003",33555,155453,35880,29610,69435,185063,254498
"PA",42,2,"2004",34882,159599,37376,28759,72258,188358,260616
"PA",42,2,"2005",36899,163749,37085,28476,73984,192225,266209
"PA",42,2,"2006",37583,165918,39970,27804,77553,193722,271275
"PA",42,2,"2007",40209,168715,40618,27699,80827,196414,277241
"PA",42,2,"2008",42498,171311,41430,27240,83928,198551,282479
"PA",42,2,"2009",45814,172003,42262,28240,88076,200243,288319
"PA",42,2,"2010",49250,174297,42469,28116,91719,202413,294132
"PA",42,2,"2011",50200,175815,40372,27371,90572,203186,293758
"PA",42,2,"2012",50807,175134,37687,27055,88494,202189,290683
"PA",42,2,"2013",51211,174607,37414,53116,88625,227723,316348
"PA",42,2,"2014",51800,173838,37294,44826,89094,218664,307758
"RI",44,2,"1980",1585,20430,2006,5990,3591,26420,30011
"RI",44,2,"1984",1637,23135,2415,5777,4052,28912,32964
"RI",44,2,"1985",1597,23676,2173,5475,3770,29151,32921
"RI",44,2,"1986",1728,23933,2064,5267,3792,29200,32992
"RI",44,2,"1987",1900,24582,2171,5642,4071,30224,34295
"RI",44,2,"1988",1945,25117,1985,6803,3930,31920,35850
"RI",44,2,"1989",1840,24845,2142,7072,3982,31917,35899
"RI",44,2,"1990",1773,26673,2178,5299,3951,31972,35923
"RI",44,2,"1991",2122,25909,2112,6464,4234,32373,36607
"RI",44,2,"1992",2265,25490,1831,6313,4096,31803,35899
"RI",44,2,"1993",2214,26213,2098,5881,4312,32094,36406
"RI",44,2,"1994",2433,25182,2243,5484,4676,30666,35342
"RI",44,2,"1995",2584,25083,2410,5370,4994,30453,35447
"RI",44,2,"1996",2726,24840,2447,4932,5173,29772,34945
"RI",44,2,"1997",2605,25239,2159,4824,4764,30063,34827
"RI",44,2,"1998",2603,26166,2124,4709,4727,30875,35602
"RI",44,2,"1999",1417,26752,2068,4600,3485,31352,34837
"RI",44,2,"2000",2751,27503,2097,4417,4848,31920,36768
"RI",44,2,"2001",2957,28457,2190,3939,5147,32396,37543
"RI",44,2,"2002",3087,29266,2130,3737,5217,33003,38220
"RI",44,2,"2003",3434,29932,2102,3372,5536,33304,38840
"RI",44,2,"2004",3678,30595,2079,3299,5757,33894,39651
"RI",44,2,"2005",3889,31543,2032,3108,5921,34651,40572
"RI",44,2,"2006",4059,31475,1956,2983,6015,34458,40473
"RI",44,2,"2007",4274,31524,1885,2810,6159,34334,40493
"RI",44,2,"2008",4374,32047,1766,2871,6140,34918,41058
"RI",44,2,"2009",4627,32227,1708,2675,6335,34902,41237
"RI",44,2,"2010",4814,32499,1744,2829,6558,35328,41886
"RI",44,2,"2011",4764,32477,1551,2601,6315,35078,41393
"RI",44,2,"2012",4771,31927,1452,2598,6223,34525,40748
"RI",44,2,"2013",4619,32115,1357,2583,5976,34698,40674
"RI",44,2,"2014",4622,32208,1320,2584,5942,34792,40734
"SC",45,2,"1980",850,16830,741,2059,1591,18889,20480
"SC",45,2,"1984",823,15126,689,1978,1512,17104,18616
"SC",45,2,"1985",894,14979,709,1907,1603,16886,18489
"SC",45,2,"1986",918,15607,941,2181,1859,17788,19647
"SC",45,2,"1987",871,15934,723,2379,1594,18313,19907
"SC",45,2,"1988",838,16866,941,2299,1779,19165,20944
"SC",45,2,"1989",784,16056,800,2307,1584,18363,19947
"SC",45,2,"1990",931,16616,1249,2858,2180,19474,21654
"SC",45,2,"1991",1030,16268,1225,2869,2255,19137,21392
"SC",45,2,"1992",963,17459,1241,2981,2204,20440,22644
"SC",45,2,"1993",1052,17567,1045,2871,2097,20438,22535
"SC",45,2,"1994",1028,17386,1150,2489,2178,19875,22053
"SC",45,2,"1995",1103,17895,1333,2796,2436,20691,23127
"SC",45,2,"1996",1174,18479,1259,2605,2433,21084,23517
"SC",45,2,"1997",1259,19218,1456,2564,2715,21782,24497
"SC",45,2,"1998",1307,19728,1667,3145,2974,22873,25847
"SC",45,2,"1999",1050,21200,1615,3142,2665,24342,27007
"SC",45,2,"2000",1188,21429,1949,3239,3137,24668,27805
"SC",45,2,"2001",1312,23540,1764,3434,3076,26974,30050
"SC",45,2,"2002",1500,23719,2074,3518,3574,27237,30811
"SC",45,2,"2003",1883,24361,2200,3473,4083,27834,31917
"SC",45,2,"2004",2334,24522,2423,3884,4757,28406,33163
"SC",45,2,"2005",2125,24906,2539,3376,4664,28282,32946
"SC",45,2,"2006",2095,24914,2423,3369,4518,28283,32801
"SC",45,2,"2007",1939,25599,2252,3388,4191,28987,33178
"SC",45,2,"2008",1834,26008,2517,3267,4351,29275,33626
"SC",45,2,"2009",1804,27132,2381,3081,4185,30213,34398
"SC",45,2,"2010",1641,27763,1987,3133,3628,30896,34524
"SC",45,2,"2011",1674,27763,1952,3216,3626,30979,34605
"SC",45,2,"2012",1818,27155,1822,3146,3640,30301,33941
"SC",45,2,"2013",2015,26749,1794,2975,3809,29724,33533
"SC",45,2,"2014",1874,26959,1910,3045,3784,30004,33788
"SD",46,2,"1980",112,3630,142,973,254,4603,4857
"SD",46,2,"1984",117,3426,223,1251,340,4677,5017
"SD",46,2,"1985",103,3541,272,1312,375,4853,5228
"SD",46,2,"1986",95,3333,194,1401,289,4734,5023
"SD",46,2,"1987",89,3497,182,1485,271,4982,5253
"SD",46,2,"1988",99,3565,169,1591,268,5156,5424
"SD",46,2,"1989",100,3693,197,1609,297,5302,5599
"SD",46,2,"1990",109,3954,188,1688,297,5642,5939
"SD",46,2,"1991",111,3883,292,1748,403,5631,6034
"SD",46,2,"1992",105,3765,193,1853,298,5618,5916
"SD",46,2,"1993",160,3710,245,1627,405,5337,5742
"SD",46,2,"1994",158,3863,212,1447,370,5310,5680
"SD",46,2,"1995",171,3599,312,1659,483,5258,5741
"SD",46,2,"1996",157,3729,327,1391,484,5120,5604
"SD",46,2,"1997",160,3885,350,1330,510,5215,5725
"SD",46,2,"1998",141,4096,497,1395,638,5491,6129
"SD",46,2,"1999",115,4213,292,1444,407,5657,6064
"SD",46,2,"2000",132,4354,374,1488,506,5842,6348
"SD",46,2,"2001",150,4577,358,1538,508,6115,6623
"SD",46,2,"2002",157,4929,303,1176,460,6105,6565
"SD",46,2,"2003",159,4885,441,1606,600,6491,7091
"SD",46,2,"2004",210,4940,579,1645,789,6585,7374
"SD",46,2,"2005",155,5102,625,1471,780,6573,7353
"SD",46,2,"2006",208,4853,611,1639,819,6492,7311
"SD",46,2,"2007",209,4811,638,1642,847,6453,7300
"SD",46,2,"2008",222,4807,589,1497,811,6304,7115
"SD",46,2,"2009",219,4917,518,1426,737,6343,7080
"SD",46,2,"2010",189,5971,557,1936,746,7907,8653
"SD",46,2,"2011",220,4793,572,1486,792,6279,7071
"SD",46,2,"2012",211,4800,551,1417,762,6217,6979
"SD",46,2,"2013",224,4524,633,1519,857,6043,6900
"SD",46,2,"2014",220,4502,689,1504,909,6006,6915
"TN",47,2,"1980",4506,32006,1065,3654,5571,35660,41231
"TN",47,2,"1984",4568,29743,1059,4690,5627,34433,40060
"TN",47,2,"1985",4447,29269,1331,4239,5778,33508,39286
"TN",47,2,"1986",4644,28707,1658,4646,6302,33353,39655
"TN",47,2,"1987",4685,28936,2113,4755,6798,33691,40489
"TN",47,2,"1988",5085,31094,2225,5213,7310,36307,43617
"TN",47,2,"1989",4891,31544,2187,5410,7078,36954,44032
"TN",47,2,"1990",5175,30985,2334,5726,7509,36711,44220
"TN",47,2,"1991",5687,31767,1758,5418,7445,37185,44630
"TN",47,2,"1992",5816,32204,1890,5275,7706,37479,45185
"TN",47,2,"1993",6222,33048,1904,5051,8126,38099,46225
"TN",47,2,"1994",6509,33317,2237,5250,8746,38567,47313
"TN",47,2,"1995",7043,34475,2204,5309,9247,39784,49031
"TN",47,2,"1996",7387,34714,2140,4591,9527,39305,48832
"TN",47,2,"1997",7743,35433,2347,4401,10090,39834,49924
"TN",47,2,"1998",7996,35956,2573,4390,10569,40346,50915
"TN",47,2,"1999",5227,36703,2199,4601,7426,41304,48730
"TN",47,2,"2000",8713,37729,3046,4459,11759,42188,53947
"TN",47,2,"2001",8719,38748,3102,4466,11821,43214,55035
"TN",47,2,"2002",9347,40192,3485,4897,12832,45089,57921
"TN",47,2,"2003",9835,40949,3563,5195,13398,46144,59542
"TN",47,2,"2004",10346,42050,3614,5018,13960,47068,61028
"TN",47,2,"2005",9878,43724,4679,5488,14557,49212,63769
"TN",47,2,"2006",9865,45360,4995,5888,14860,51248,66108
"TN",47,2,"2007",10119,47143,5548,5687,15667,52830,68497
"TN",47,2,"2008",10908,47761,5920,5565,16828,53326,70154
"TN",47,2,"2009",12285,50000,6405,5531,18690,55531,74221
"TN",47,2,"2010",13875,50800,6844,6534,20719,57334,78053
"TN",47,2,"2011",14385,53151,6217,6471,20602,59622,80224
"TN",47,2,"2012",15015,53794,5786,7533,20801,61327,82128
"TN",47,2,"2013",15684,53721,5528,8337,21212,62058,83270
"TN",47,2,"2014",14956,53070,6088,8540,21044,61610,82654
"TX",48,2,"1980",9326,52230,7383,10052,16709,62282,78991
"TX",48,2,"1984",9475,52120,8906,10691,18381,62811,81192
"TX",48,2,"1985",9633,52310,9099,10546,18732,62856,81588
"TX",48,2,"1986",12316,52167,8467,9883,20783,62050,82833
"TX",48,2,"1987",10060,52875,10186,12177,20246,65052,85298
"TX",48,2,"1988",10320,54865,9561,12070,19881,66935,86816
"TX",48,2,"1989",10289,54803,9925,12520,20214,67323,87537
"TX",48,2,"1990",11071,56883,10101,13118,21172,70001,91173
"TX",48,2,"1991",11410,57481,10086,13594,21496,71075,92571
"TX",48,2,"1992",11762,58533,10608,13966,22370,72499,94869
"TX",48,2,"1993",12595,58595,11272,14283,23867,72878,96745
"TX",48,2,"1994",13186,59414,11905,14626,25091,74040,99131
"TX",48,2,"1995",13644,61050,12460,15273,26104,76323,102427
"TX",48,2,"1996",13876,61667,12944,15057,26820,76724,103544
"TX",48,2,"1997",14274,63215,13256,15236,27530,78451,105981
"TX",48,2,"1998",14795,66568,13447,15385,28242,81953,110195
"TX",48,2,"1999",10048,68011,7783,16725,17831,84736,102567
"TX",48,2,"2000",13998,68783,15783,18380,29781,87163,116944
"TX",48,2,"2001",14749,71784,15992,19361,30741,91145,121886
"TX",48,2,"2002",15675,72669,16681,19502,32356,92171,124527
"TX",48,2,"2003",15473,73221,17499,20151,32972,93372,126344
"TX",48,2,"2004",16161,74517,15943,19720,32104,94237,126341
"TX",48,2,"2005",16735,75820,16194,19138,32929,94958,127887
"TX",48,2,"2006",16844,77156,16347,18057,33191,95213,128404
"TX",48,2,"2007",17741,78919,16725,15903,34466,94822,129288
"TX",48,2,"2008",18125,79469,17329,15685,35454,95154,130608
"TX",48,2,"2009",18681,80667,17358,14861,36039,95528,131567
"TX",48,2,"2010",19211,82043,18526,14201,37737,96244,133981
"TX",48,2,"2011",19020,81928,18883,15529,37903,97457,135360
"TX",48,2,"2012",19500,83035,18616,15291,38116,98326,136442
"TX",48,2,"2013",19885,84019,17777,14238,37662,98257,135919
"TX",48,2,"2014",20548,83850,17666,13630,38214,97480,135694
"UT",49,2,"1980",2299,21871,1579,5829,3878,27700,31578
"UT",49,2,"1984",1800,21794,1294,6676,3094,28470,31564
"UT",49,2,"1985",1893,21195,1400,7340,3293,28535,31828
"UT",49,2,"1986",1957,21235,1373,7767,3330,29002,32332
"UT",49,2,"1987",1806,21369,1414,6830,3220,28199,31419
"UT",49,2,"1988",1906,21225,1662,7499,3568,28724,32292
"UT",49,2,"1989",1885,24317,1261,7118,3146,31435,34581
"UT",49,2,"1990",1749,24734,1423,6113,3172,30847,34019
"UT",49,2,"1991",1931,28117,1550,2795,3481,30912,34393
"UT",49,2,"1992",1895,28464,1367,2996,3262,31460,34722
"UT",49,2,"1993",1905,27906,1413,2988,3318,30894,34212
"UT",49,2,"1994",1901,27795,1444,3052,3345,30847,34192
"UT",49,2,"1995",1840,28054,1430,2392,3270,30446,33716
"UT",49,2,"1996",1835,28116,1410,2407,3245,30523,33768
"UT",49,2,"1997",1856,26398,1397,5074,3253,31472,34725
"UT",49,2,"1998",1910,27311,1233,4435,3143,31746,34889
"UT",49,2,"1999",641,28428,495,3905,1136,32333,33469
"UT",49,2,"2000",1964,28932,1555,3550,3519,32482,36001
"UT",49,2,"2001",1997,28855,1590,3658,3587,32513,36100
"UT",49,2,"2002",2243,28788,1779,3523,4022,32311,36333
"UT",49,2,"2003",2616,30189,1492,3555,4108,33744,37852
"UT",49,2,"2004",3439,29540,1816,5867,5255,35407,40662
"UT",49,2,"2005",3511,34030,1681,3583,5192,37613,42805
"UT",49,2,"2006",4030,35404,1851,3248,5881,38652,44533
"UT",49,2,"2007",4844,37253,1683,3258,6527,40511,47038
"UT",49,2,"2008",5864,40193,1754,3116,7618,43309,50927
"UT",49,2,"2009",6833,43728,1773,2834,8606,46562,55168
"UT",49,2,"2010",7861,52551,1673,2707,9534,55258,64792
"UT",49,2,"2011",9904,59457,1729,2932,11633,62389,74022
"UT",49,2,"2012",12701,67831,1667,2988,14368,70819,85187
"UT",49,2,"2013",14040,67444,1601,2836,15641,70280,85921
"UT",49,2,"2014",16092,78028,1600,2822,17692,80850,98542
"VT",50,2,"1980",929,8983,490,628,1419,9611,11030
"VT",50,2,"1984",701,8582,340,1084,1041,9666,10707
"VT",50,2,"1985",718,8620,368,754,1086,9374,10460
"VT",50,2,"1986",727,9390,1236,1406,1963,10796,12759
"VT",50,2,"1987",764,9343,1218,1566,1982,10909,12891
"VT",50,2,"1988",779,9748,1170,1760,1949,11508,13457
"VT",50,2,"1989",1083,9835,1310,1685,2393,11520,13913
"VT",50,2,"1990",1105,9812,1599,1854,2704,11666,14370
"VT",50,2,"1991",1530,10045,1520,1775,3050,11820,14870
"VT",50,2,"1992",1553,9804,1620,1927,3173,11731,14904
"VT",50,2,"1993",1582,9222,1506,2005,3088,11227,14315
"VT",50,2,"1994",1541,9027,1398,1963,2939,10990,13929
"VT",50,2,"1995",1623,9009,911,1990,2534,10999,13533
"VT",50,2,"1996",1614,9179,873,1954,2487,11133,13620
"VT",50,2,"1997",1745,9571,877,2048,2622,11619,14241
"VT",50,2,"1998",1705,9962,991,2036,2696,11998,14694
"VT",50,2,"1999",1622,10143,928,1978,2550,12121,14671
"VT",50,2,"2000",1836,10249,1027,1870,2863,12119,14982
"VT",50,2,"2001",1895,10291,1080,1809,2975,12100,15075
"VT",50,2,"2002",1655,10222,1145,1582,2800,11804,14604
"VT",50,2,"2003",1717,10416,1016,1618,2733,12034,14767
"VT",50,2,"2004",2041,10621,1113,1398,3154,12019,15173
"VT",50,2,"2005",2102,10634,1067,1360,3169,11994,15163
"VT",50,2,"2006",2705,10928,1082,1330,3787,12258,16045
"VT",50,2,"2007",2965,11327,1082,1252,4047,12579,16626
"VT",50,2,"2008",2862,11579,1100,1083,3962,12662,16624
"VT",50,2,"2009",3093,11839,1353,945,4446,12784,17230
"VT",50,2,"2010",3408,12007,1086,932,4494,12939,17433
"VT",50,2,"2011",3411,12033,1082,928,4493,12961,17454
"VT",50,2,"2012",3514,12057,1069,1039,4583,13096,17679
"VT",50,2,"2013",3018,11937,1177,1088,4195,13025,17220
"VT",50,2,"2014",2928,12023,1377,1590,4305,13613,17918
"VA",51,2,"1980",1325,26041,1307,2705,2632,28746,31378
"VA",51,2,"1984",1721,25874,2472,4843,4193,30717,34910
"VA",51,2,"1985",2286,28361,2654,5118,4940,33479,38419
"VA",51,2,"1986",2536,28133,3015,4887,5551,33020,38571
"VA",51,2,"1987",2525,29465,3126,5441,5651,34906,40557
"VA",51,2,"1988",2616,31556,4979,7092,7595,38648,46243
"VA",51,2,"1989",2465,32683,5400,11588,7865,44271,52136
"VA",51,2,"1990",3135,32563,7956,11636,11091,44199,55290
"VA",51,2,"1991",3786,31679,6136,8125,9922,39804,49726
"VA",51,2,"1992",3626,32048,5433,8950,9059,40998,50057
"VA",51,2,"1993",3937,30579,4904,8647,8841,39226,48067
"VA",51,2,"1994",3952,32066,5246,7720,9198,39786,48984
"VA",51,2,"1995",3937,32046,5556,8797,9493,40843,50336
"VA",51,2,"1996",4208,32287,4724,6719,8932,39006,47938
"VA",51,2,"1997",4289,33037,4244,5816,8533,38853,47386
"VA",51,2,"1998",4541,33534,4641,5706,9182,39240,48422
"VA",51,2,"1999",3410,33531,2778,5428,6188,38959,45147
"VA",51,2,"2000",4896,33987,5180,4752,10076,38739,48815
"VA",51,2,"2001",5238,34443,5275,5098,10513,39541,50054
"VA",51,2,"2002",5241,36125,6643,5325,11884,41450,53334
"VA",51,2,"2003",6412,37848,6417,5235,12829,43083,55912
"VA",51,2,"2004",6536,40074,6853,5371,13389,45445,58834
"VA",51,2,"2005",7184,41818,7053,6174,14237,47992,62229
"VA",51,2,"2006",7483,43319,8635,8220,16118,51539,67657
"VA",51,2,"2007",9396,46250,11075,10316,20471,56566,77037
"VA",51,2,"2008",11204,47834,13051,11606,24255,59440,83695
"VA",51,2,"2009",13435,52211,16467,15390,29902,67601,97503
"VA",51,2,"2010",14783,57151,18863,18188,33646,75339,108985
"VA",51,2,"2011",16075,58259,21023,22165,37098,80424,117522
"VA",51,2,"2012",17297,60152,24266,25897,41563,86049,127612
"VA",51,2,"2013",17793,61009,25288,25877,43081,86886,129967
"VA",51,2,"2014",18560,62271,26887,26646,45447,88917,134364
"WA",53,2,"1980",2385,17620,3460,3041,5845,20661,26506
"WA",53,2,"1984",2604,17880,3680,3450,6284,21330,27614
"WA",53,2,"1985",2474,17411,3876,3684,6350,21095,27445
"WA",53,2,"1986",2456,17517,4029,4025,6485,21542,28027
"WA",53,2,"1987",2831,18105,4340,4085,7171,22190,29361
"WA",53,2,"1988",2881,18881,4341,4180,7222,23061,30283
"WA",53,2,"1989",2456,18097,5313,4664,7769,22761,30530
"WA",53,2,"1990",2719,17631,6473,4968,9192,22599,31791
"WA",53,2,"1991",3590,17993,6197,5186,9787,23179,32966
"WA",53,2,"1992",3975,18188,6089,4761,10064,22949,33013
"WA",53,2,"1993",5528,18825,5179,5327,10707,24152,34859
"WA",53,2,"1994",5562,19145,5718,5396,11280,24541,35821
"WA",53,2,"1995",5466,20519,5589,4444,11055,24963,36018
"WA",53,2,"1996",6486,20698,5070,4567,11556,25265,36821
"WA",53,2,"1997",5934,20673,4838,4205,10772,24878,35650
"WA",53,2,"1998",6302,21347,4753,4130,11055,25477,36532
"WA",53,2,"1999",5031,21956,3301,3883,8332,25839,34171
"WA",53,2,"2000",4831,21695,8164,5676,12995,27371,40366
"WA",53,2,"2001",4724,22053,8071,5319,12795,27372,40167
"WA",53,2,"2002",5892,23434,5019,3210,10911,26644,37555
"WA",53,2,"2003",6020,24453,5277,3031,11297,27484,38781
"WA",53,2,"2004",5867,25640,6103,2878,11970,28518,40488
"WA",53,2,"2005",6811,26322,5450,2755,12261,29077,41338
"WA",53,2,"2006",6149,25974,6322,2933,12471,28907,41378
"WA",53,2,"2007",5975,26271,6601,2879,12576,29150,41726
"WA",53,2,"2008",5840,26273,6749,2710,12589,28983,41572
"WA",53,2,"2009",6159,27099,6980,2524,13139,29623,42762
"WA",53,2,"2010",6166,27868,6940,2616,13106,30484,43590
"WA",53,2,"2011",6270,28174,6563,2497,12833,30671,43504
"WA",53,2,"2012",6011,28160,6261,2712,12272,30872,43144
"WA",53,2,"2013",6184,28325,5928,2733,12112,31058,43170
"WA",53,2,"2014",6388,27431,6132,3231,12520,30662,43182
"WV",54,2,"1980",34,6283,179,1495,213,7778,7991
"WV",54,2,"1984",5,5413,175,1380,180,6793,6973
"WV",54,2,"1985",19,5131,206,1311,225,6442,6667
"WV",54,2,"1986",12,4901,219,1404,231,6305,6536
"WV",54,2,"1987",93,4916,194,1332,287,6248,6535
"WV",54,2,"1988",35,5060,336,1524,371,6584,6955
"WV",54,2,"1989",242,4663,369,1534,611,6197,6808
"WV",54,2,"1990",36,5650,341,1368,377,7018,7395
"WV",54,2,"1991",43,5524,300,1388,343,6912,7255
"WV",54,2,"1992",56,5830,275,1408,331,7238,7569
"WV",54,2,"1993",67,6000,258,1454,325,7454,7779
"WV",54,2,"1994",62,6038,278,1304,340,7342,7682
"WV",54,2,"1995",118,5980,254,1140,372,7120,7492
"WV",54,2,"1996",149,5892,221,1124,370,7016,7386
"WV",54,2,"1997",133,6096,342,1007,475,7103,7578
"WV",54,2,"1998",127,6057,219,917,346,6974,7320
"WV",54,2,"1999",170,5993,203,834,373,6827,7200
"WV",54,2,"2000",171,6036,240,703,411,6739,7150
"WV",54,2,"2001",183,6023,209,693,392,6716,7108
"WV",54,2,"2002",154,6296,388,618,542,6914,7456
"WV",54,2,"2003",187,6257,381,611,568,6868,7436
"WV",54,2,"2004",211,6066,432,596,643,6662,7305
"WV",54,2,"2005",236,6009,204,560,440,6569,7009
"WV",54,2,"2006",357,5813,146,574,503,6387,6890
"WV",54,2,"2007",460,5978,168,562,628,6540,7168
"WV",54,2,"2008",556,5778,185,548,741,6326,7067
"WV",54,2,"2009",681,5895,203,509,884,6404,7288
"WV",54,2,"2010",666,6059,241,491,907,6550,7457
"WV",54,2,"2011",678,5876,276,499,954,6375,7329
"WV",54,2,"2012",697,6238,307,492,1004,6730,7734
"WV",54,2,"2013",915,6676,357,606,1272,7282,8554
"WV",54,2,"2014",941,6844,313,634,1254,7478,8732
"WI",55,2,"1980",2482,21810,1735,5381,4217,27191,31408
"WI",55,2,"1984",2927,21993,2066,6184,4993,28177,33170
"WI",55,2,"1985",2819,21666,2286,6979,5105,28645,33750
"WI",55,2,"1986",2904,22724,3039,7509,5943,30233,36176
"WI",55,2,"1987",3113,24093,2804,8353,5917,32446,38363
"WI",55,2,"1988",3122,25784,3361,8135,6483,33919,40402
"WI",55,2,"1989",3294,26709,3429,8564,6723,35273,41996
"WI",55,2,"1990",3308,27899,4118,9020,7426,36919,44345
"WI",55,2,"1991",3343,28810,5308,9476,8651,38286,46937
"WI",55,2,"1992",3335,29109,5581,10163,8916,39272,48188
"WI",55,2,"1993",3589,29544,5999,10187,9588,39731,49319
"WI",55,2,"1994",3768,30447,5861,10653,9629,41100,50729
"WI",55,2,"1995",3901,30808,6165,11257,10066,42065,52131
"WI",55,2,"1996",4156,30104,6183,10860,10339,40964,51303
"WI",55,2,"1997",4200,30352,6415,10602,10615,40954,51569
"WI",55,2,"1998",4756,30359,6206,10502,10962,40861,51823
"WI",55,2,"1999",3741,31051,4773,10530,8514,41581,50095
"WI",55,2,"2000",5071,31822,7552,10261,12623,42083,54706
"WI",55,2,"2001",5207,33409,7054,9451,12261,42860,55121
"WI",55,2,"2002",5867,34188,7549,9849,13416,44037,57453
"WI",55,2,"2003",6087,34490,7719,10742,13806,45232,59038
"WI",55,2,"2004",6398,35112,7863,10592,14261,45704,59965
"WI",55,2,"2005",6590,36207,7859,10376,14449,46583,61032
"WI",55,2,"2006",7072,36729,7561,10461,14633,47190,61823
"WI",55,2,"2007",7719,36818,8040,9763,15759,46581,62340
"WI",55,2,"2008",8235,37434,8085,9793,16320,47227,63547
"WI",55,2,"2009",8867,38400,8152,9538,17019,47938,64957
"WI",55,2,"2010",7508,38901,9366,9551,16874,48452,65326
"WI",55,2,"2011",7811,38773,8061,9642,15872,48415,64287
"WI",55,2,"2012",7543,38412,8075,9050,15618,47462,63080
"WI",55,2,"2013",8168,38602,7543,8137,15711,46739,62450
"WI",55,2,"2014",8006,37724,7925,7919,15931,45643,61574
"WY",56,2,"1980",0,0,0,0,0,0,0
"WY",56,2,"1984",0,0,0,0,0,0,0
"WY",56,2,"1985",0,0,0,0,0,0,0
"WY",56,2,"1986",0,0,0,0,0,0,0
"WY",56,2,"1987",0,0,0,0,0,0,0
"WY",56,2,"1988",0,0,0,0,0,0,0
"WY",56,2,"1989",0,0,0,0,0,0,0
"WY",56,2,"1990",0,0,0,0,0,0,0
"WY",56,2,"1991",0,0,0,0,0,0,0
"WY",56,2,"1992",0,0,0,0,0,0,0
"WY",56,2,"1993",0,0,0,0,0,0,0
"WY",56,2,"1994",0,0,0,0,0,0,0
"WY",56,2,"1995",0,0,0,0,0,0,0
"WY",56,2,"1996",0,0,0,0,0,0,0
"WY",56,2,"1997",0,0,0,0,0,0,0
"WY",56,2,"1998",0,0,0,0,0,0,0
"WY",56,2,"1999",0,0,0,0,0,0,0
"WY",56,2,"2000",0,0,0,0,0,0,0
"WY",56,2,"2001",0,0,0,0,0,0,0
"WY",56,2,"2002",0,0,0,0,0,0,0
"WY",56,2,"2003",0,0,0,0,0,0,0
"WY",56,2,"2004",0,0,0,0,0,0,0
"WY",56,2,"2005",0,0,0,0,0,0,0
"WY",56,2,"2006",0,0,0,0,0,0,0
"WY",56,2,"2007",0,0,0,0,0,0,0
"WY",56,2,"2008",0,146,0,0,0,146,146
"WY",56,2,"2009",0,174,0,0,0,174,174
"WY",56,2,"2010",0,127,0,0,0,127,127
"WY",56,2,"2011",0,88,0,0,0,88,88
"WY",56,2,"2012",0,75,0,0,0,75,75
"WY",56,2,"2013",0,75,0,0,0,75,75
"WY",56,2,"2014",0,60,0,0,0,60,60
,66,2,"1980",0,0,0,0,0,0,0
,66,2,"1984",0,0,0,0,0,0,0
,66,2,"1985",0,0,0,0,0,0,0
,66,2,"1986",0,0,0,0,0,0,0
,66,2,"1987",0,0,0,0,0,0,0
,66,2,"1988",0,0,0,0,0,0,0
,66,2,"1989",0,0,0,0,0,0,0
,66,2,"1990",0,0,0,0,0,0,0
,66,2,"1991",0,0,0,0,0,0,0
,66,2,"1992",0,0,0,0,0,0,0
,66,2,"1993",0,0,0,0,0,0,0
,66,2,"1994",0,0,0,0,0,0,0
,66,2,"1995",0,0,0,0,0,0,0
,66,2,"1996",0,0,0,0,0,0,0
,66,2,"1997",0,0,0,0,0,0,0
,66,2,"1998",0,0,0,0,0,0,0
,66,2,"1999",0,0,0,0,0,0,0
,66,2,"2000",0,0,0,0,0,0,0
,66,2,"2001",0,0,0,0,0,0,0
,66,2,"2002",0,79,0,40,0,119,119
,66,2,"2003",0,77,0,87,0,164,164
,66,2,"2004",0,103,0,69,0,172,172
,66,2,"2005",0,133,0,56,0,189,189
,66,2,"2006",0,146,0,40,0,186,186
,66,2,"2007",0,141,0,26,0,167,167
,66,2,"2008",0,109,0,40,0,149,149
,66,2,"2009",0,60,0,34,0,94,94
,66,2,"2010",3,62,0,20,3,82,85
,66,2,"2011",1,52,2,31,3,83,86
,66,2,"2012",0,52,2,23,2,75,77
,66,2,"2013",0,57,4,18,4,75,79
,66,2,"2014",1,53,2,16,3,69,72
"PR",72,2,"1980",1003,50123,1483,14451,2486,64574,67060
"PR",72,2,"1984",1820,67646,2561,16424,4381,84070,88451
"PR",72,2,"1985",2722,73332,2955,16268,5677,89600,95277
"PR",72,2,"1986",2846,70950,3135,18191,5981,89141,95122
"PR",72,2,"1987",2628,68637,3747,15016,6375,83653,90028
"PR",72,2,"1988",2177,68098,4199,16426,6376,84524,90900
"PR",72,2,"1989",2236,68159,4399,15814,6635,83973,90608
"PR",72,2,"1990",2255,68562,4456,16651,6711,85213,91924
"PR",72,2,"1991",2358,72250,4499,17322,6857,89572,96429
"PR",72,2,"1992",2695,72866,4880,16552,7575,89418,96993
"PR",72,2,"1993",2484,70850,5248,18371,7732,89221,96953
"PR",72,2,"1994",2788,61997,5024,17044,7812,79041,86853
"PR",72,2,"1995",2773,67938,5799,20493,8572,88431,97003
"PR",72,2,"1996",3436,63940,5899,18720,9335,82660,91995
"PR",72,2,"1997",3128,61556,5417,15983,8545,77539,86084
"PR",72,2,"1998",3422,63181,5535,15618,8957,78799,87756
"PR",72,2,"1999",3985,64161,2678,17077,6663,81238,87901
"PR",72,2,"2000",5364,67656,6763,19808,12127,87464,99591
"PR",72,2,"2001",5949,71657,7597,19345,13546,91002,104548
"PR",72,2,"2002",6299,73302,8543,23868,14842,97170,112012
"PR",72,2,"2003",7618,77921,9429,22517,17047,100438,117485
"PR",72,2,"2004",8461,80022,10452,22127,18913,102149,121062
"PR",72,2,"2005",9065,80169,11638,22007,20703,102176,122879
"PR",72,2,"2006",11184,82198,11540,22994,22724,105192,127916
"PR",72,2,"2007",9916,82511,12609,22834,22525,105345,127870
"PR",72,2,"2008",12970,85465,10047,23666,23017,109131,132148
"PR",72,2,"2009",13898,88794,8273,22330,22171,111124,133295
"PR",72,2,"2010",13438,90402,8278,23676,21716,114078,135794
"PR",72,2,"2011",14185,94732,8466,23121,22651,117853,140504
"PR",72,2,"2012",13113,92197,8255,22933,21368,115130,136498
"PR",72,2,"2013",13045,90432,8057,22417,21102,112849,133951
"PR",72,2,"2014",13539,87384,8114,22366,21653,109750,131403
"AL",1,3,"1980",0,0,0,0,0,0,0
"AL",1,3,"1984",0,0,0,0,0,0,0
"AL",1,3,"1985",0,0,0,0,0,0,0
"AL",1,3,"1986",0,194,0,81,0,275,275
"AL",1,3,"1987",0,167,0,65,0,232,232
"AL",1,3,"1988",0,178,0,53,0,231,231
"AL",1,3,"1989",0,344,0,128,0,472,472
"AL",1,3,"1990",0,358,0,112,0,470,470
"AL",1,3,"1991",0,464,0,79,0,543,543
"AL",1,3,"1992",0,484,0,96,0,580,580
"AL",1,3,"1993",0,426,0,103,0,529,529
"AL",1,3,"1994",0,335,0,100,0,435,435
"AL",1,3,"1995",0,360,0,107,0,467,467
"AL",1,3,"1996",0,1045,0,377,0,1422,1422
"AL",1,3,"1997",0,1347,0,411,0,1758,1758
"AL",1,3,"1998",0,1630,0,607,0,2237,2237
"AL",1,3,"1999",0,1879,0,586,0,2465,2465
"AL",1,3,"2000",0,2712,0,494,0,3206,3206
"AL",1,3,"2001",0,3233,0,551,0,3784,3784
"AL",1,3,"2002",0,2936,0,1347,0,4283,4283
"AL",1,3,"2003",0,3199,27,1470,27,4669,4696
"AL",1,3,"2004",72,3298,2,1532,74,4830,4904
"AL",1,3,"2005",60,3399,2,894,62,4293,4355
"AL",1,3,"2006",62,3117,4,1090,66,4207,4273
"AL",1,3,"2007",153,3804,73,2505,226,6309,6535
"AL",1,3,"2008",3150,18190,65,15270,3215,33460,36675
"AL",1,3,"2009",3020,11712,105,9750,3125,21462,24587
"AL",1,3,"2010",4498,13681,607,13134,5105,26815,31920
"AL",1,3,"2011",4852,11118,591,13079,5443,24197,29640
"AL",1,3,"2012",5333,11604,634,12441,5967,24045,30012
"AL",1,3,"2013",5466,12704,577,10591,6043,23295,29338
"AL",1,3,"2014",5981,11973,532,10741,6513,22714,29227
"AK",2,3,"1980",0,0,0,0,0,0,0
"AK",2,3,"1984",0,0,0,0,0,0,0
"AK",2,3,"1985",0,0,0,0,0,0,0
"AK",2,3,"1986",0,0,0,0,0,0,0
"AK",2,3,"1987",0,86,0,64,0,150,150
"AK",2,3,"1988",0,86,0,64,0,150,150
"AK",2,3,"1989",0,20,0,15,0,35,35
"AK",2,3,"1990",0,500,0,45,0,545,545
"AK",2,3,"1991",0,232,0,20,0,252,252
"AK",2,3,"1992",0,179,0,45,0,224,224
"AK",2,3,"1993",0,218,0,70,0,288,288
"AK",2,3,"1994",0,143,0,31,0,174,174
"AK",2,3,"1995",0,143,0,61,0,204,204
"AK",2,3,"1996",0,233,0,93,0,326,326
"AK",2,3,"1997",0,298,0,145,0,443,443
"AK",2,3,"1998",0,255,0,196,0,451,451
"AK",2,3,"1999",0,184,0,249,0,433,433
"AK",2,3,"2000",0,189,0,297,0,486,486
"AK",2,3,"2001",0,150,0,245,0,395,395
"AK",2,3,"2002",0,151,0,239,0,390,390
"AK",2,3,"2003",0,143,0,246,0,389,389
"AK",2,3,"2004",0,170,0,232,0,402,402
"AK",2,3,"2005",0,151,0,273,0,424,424
"AK",2,3,"2006",0,95,0,308,0,403,403
"AK",2,3,"2007",0,160,0,356,0,516,516
"AK",2,3,"2008",0,210,0,537,0,747,747
"AK",2,3,"2009",0,758,0,374,0,1132,1132
"AK",2,3,"2010",0,1764,0,0,0,1764,1764
"AK",2,3,"2011",0,1651,0,0,0,1651,1651
"AK",2,3,"2012",0,1259,0,0,0,1259,1259
"AK",2,3,"2013",0,2191,0,0,0,2191,2191
"AK",2,3,"2014",11,3256,0,0,11,3256,3267
"AZ",4,3,"1980",143,1535,1945,310,2088,1845,3933
"AZ",4,3,"1984",1865,4166,0,423,1865,4589,6454
"AZ",4,3,"1985",1975,3556,0,447,1975,4003,5978
"AZ",4,3,"1986",1996,4327,0,530,1996,4857,6853
"AZ",4,3,"1987",35,1966,72,452,107,2418,2525
"AZ",4,3,"1988",2370,6548,89,420,2459,6968,9427
"AZ",4,3,"1989",691,5460,89,769,780,6229,7009
"AZ",4,3,"1990",2234,6540,89,493,2323,7033,9356
"AZ",4,3,"1991",3773,8002,81,557,3854,8559,12413
"AZ",4,3,"1992",2576,9549,93,405,2669,9954,12623
"AZ",4,3,"1993",5474,14750,67,540,5541,15290,20831
"AZ",4,3,"1994",4938,13219,156,444,5094,13663,18757
"AZ",4,3,"1995",3484,11522,89,441,3573,11963,15536
"AZ",4,3,"1996",4867,14282,127,416,4994,14698,19692
"AZ",4,3,"1997",5761,16015,416,543,6177,16558,22735
"AZ",4,3,"1998",6636,18656,862,276,7498,18932,26430
"AZ",4,3,"1999",8326,22888,1430,494,9756,23382,33138
"AZ",4,3,"2000",10303,25501,2063,3485,12366,28986,41352
"AZ",4,3,"2001",13513,37325,2499,441,16012,37766,53778
"AZ",4,3,"2002",22728,48236,2458,899,25186,49135,74321
"AZ",4,3,"2003",33685,66953,1575,836,35260,67789,103049
"AZ",4,3,"2004",45963,97323,4195,1391,50158,98714,148872
"AZ",4,3,"2005",53011,141122,7594,2298,60605,143420,204025
"AZ",4,3,"2006",52274,152803,7045,2710,59319,155513,214832
"AZ",4,3,"2007",54287,205205,12505,4171,66792,209376,276168
"AZ",4,3,"2008",64931,266146,18349,9280,83280,275426,358706
"AZ",4,3,"2009",66087,265957,20694,16972,86781,282929,369710
"AZ",4,3,"2010",62610,286521,25953,24798,88563,311319,399882
"AZ",4,3,"2011",65856,289739,22837,26336,88693,316075,404768
"AZ",4,3,"2012",57787,244558,24094,27732,81881,272290,354171
"AZ",4,3,"2013",52845,208726,27256,30559,80101,239285,319386
"AZ",4,3,"2014",48459,189556,29165,33344,77624,222900,300524
"AR",5,3,"1980",0,0,0,0,0,0,0
"AR",5,3,"1984",0,0,0,0,0,0,0
"AR",5,3,"1985",0,0,0,0,0,0,0
"AR",5,3,"1986",0,0,0,0,0,0,0
"AR",5,3,"1987",0,0,0,0,0,0,0
"AR",5,3,"1988",0,0,0,0,0,0,0
"AR",5,3,"1989",0,0,0,0,0,0,0
"AR",5,3,"1990",0,0,0,0,0,0,0
"AR",5,3,"1991",0,0,0,0,0,0,0
"AR",5,3,"1992",0,0,0,0,0,0,0
"AR",5,3,"1993",0,0,0,0,0,0,0
"AR",5,3,"1994",0,0,0,0,0,0,0
"AR",5,3,"1995",0,0,0,0,0,0,0
"AR",5,3,"1996",0,0,0,0,0,0,0
"AR",5,3,"1997",0,204,0,0,0,204,204
"AR",5,3,"1998",0,216,0,0,0,216,216
"AR",5,3,"1999",0,214,0,1,0,215,215
"AR",5,3,"2000",0,242,0,0,0,242,242
"AR",5,3,"2001",0,301,0,0,0,301,301
"AR",5,3,"2002",0,327,0,17,0,344,344
"AR",5,3,"2003",0,323,0,43,0,366,366
"AR",5,3,"2004",87,573,0,79,87,652,739
"AR",5,3,"2005",172,681,0,65,172,746,918
"AR",5,3,"2006",192,844,0,65,192,909,1101
"AR",5,3,"2007",184,1067,0,95,184,1162,1346
"AR",5,3,"2008",196,1550,0,85,196,1635,1831
"AR",5,3,"2009",148,1944,0,119,148,2063,2211
"AR",5,3,"2010",149,2121,34,427,183,2548,2731
"AR",5,3,"2011",149,1945,49,261,198,2206,2404
"AR",5,3,"2012",127,1483,66,221,193,1704,1897
"AR",5,3,"2013",115,1178,85,153,200,1331,1531
"AR",5,3,"2014",49,801,91,175,140,976,1116
"CA",6,3,"1980",411,3208,724,369,1135,3577,4712
"CA",6,3,"1984",1165,3272,889,552,2054,3824,5878
"CA",6,3,"1985",1135,4578,892,425,2027,5003,7030
"CA",6,3,"1986",865,6399,830,866,1695,7265,8960
"CA",6,3,"1987",598,8040,781,1027,1379,9067,10446
"CA",6,3,"1988",729,6841,838,1044,1567,7885,9452
"CA",6,3,"1989",1600,6382,734,1093,2334,7475,9809
"CA",6,3,"1990",948,7094,1062,2248,2010,9342,11352
"CA",6,3,"1991",2285,7480,2628,1745,4913,9225,14138
"CA",6,3,"1992",2017,8359,3945,3152,5962,11511,17473
"CA",6,3,"1993",4012,17254,2020,2868,6032,20122,26154
"CA",6,3,"1994",4374,20067,1773,2264,6147,22331,28478
"CA",6,3,"1995",4252,19810,1887,2508,6139,22318,28457
"CA",6,3,"1996",4250,20010,1181,2254,5431,22264,27695
"CA",6,3,"1997",4823,26722,1726,3114,6549,29836,36385
"CA",6,3,"1998",5797,30034,1255,3610,7052,33644,40696
"CA",6,3,"1999",6001,34884,2144,3975,8145,38859,47004
"CA",6,3,"2000",6497,32620,1741,4978,8238,37598,45836
"CA",6,3,"2001",7485,41637,1008,4926,8493,46563,55056
"CA",6,3,"2002",9137,44575,941,5904,10078,50479,60557
"CA",6,3,"2003",9362,48285,1119,6467,10481,54752,65233
"CA",6,3,"2004",11313,55352,1176,8435,12489,63787,76276
"CA",6,3,"2005",11736,57431,1631,9256,13367,66687,80054
"CA",6,3,"2006",12239,59761,1626,10016,13865,69777,83642
"CA",6,3,"2007",11323,65237,2156,10755,13479,75992,89471
"CA",6,3,"2008",14424,84298,5536,14633,19960,98931,118891
"CA",6,3,"2009",16965,108563,6326,17830,23291,126393,149684
"CA",6,3,"2010",19658,134700,6728,19854,26386,154554,180940
"CA",6,3,"2011",20773,145954,8578,20533,29351,166487,195838
"CA",6,3,"2012",21970,143274,7677,22043,29647,165317,194964
"CA",6,3,"2013",22736,125179,6386,22347,29122,147526,176648
"CA",6,3,"2014",20933,116739,5743,19521,26676,136260,162936
"CO",8,3,"1980",0,410,0,176,0,586,586
"CO",8,3,"1984",0,1414,0,315,0,1729,1729
"CO",8,3,"1985",0,1358,0,218,0,1576,1576
"CO",8,3,"1986",0,1652,0,1042,0,2694,2694
"CO",8,3,"1987",0,1767,0,1174,0,2941,2941
"CO",8,3,"1988",0,3202,0,980,0,4182,4182
"CO",8,3,"1989",35,3340,0,873,35,4213,4248
"CO",8,3,"1990",75,3162,0,983,75,4145,4220
"CO",8,3,"1991",139,3183,0,1015,139,4198,4337
"CO",8,3,"1992",254,3456,36,1136,290,4592,4882
"CO",8,3,"1993",1327,5502,0,1130,1327,6632,7959
"CO",8,3,"1994",1535,5183,0,1654,1535,6837,8372
"CO",8,3,"1995",1513,5266,0,1419,1513,6685,8198
"CO",8,3,"1996",1887,5535,0,1243,1887,6778,8665
"CO",8,3,"1997",1877,6791,11,1700,1888,8491,10379
"CO",8,3,"1998",2110,6281,229,1868,2339,8149,10488
"CO",8,3,"1999",1821,7231,156,1915,1977,9146,11123
"CO",8,3,"2000",1993,5760,100,2408,2093,8168,10261
"CO",8,3,"2001",1865,6800,63,2300,1928,9100,11028
"CO",8,3,"2002",2025,6758,186,2462,2211,9220,11431
"CO",8,3,"2003",2281,7680,557,2487,2838,10167,13005
"CO",8,3,"2004",3597,11796,1124,3660,4721,15456,20177
"CO",8,3,"2005",3598,16658,1596,4504,5194,21162,26356
"CO",8,3,"2006",5331,23884,1035,4049,6366,27933,34299
"CO",8,3,"2007",5082,29248,1047,4659,6129,33907,40036
"CO",8,3,"2008",5666,33138,1062,5273,6728,38411,45139
"CO",8,3,"2009",6565,29694,2568,4427,9133,34121,43254
"CO",8,3,"2010",7189,36501,2524,5283,9713,41784,51497
"CO",8,3,"2011",5814,25616,4903,11788,10717,37404,48121
"CO",8,3,"2012",7018,20471,3870,13569,10888,34040,44928
"CO",8,3,"2013",8419,17829,2799,14480,11218,32309,43527
"CO",8,3,"2014",7425,16683,3629,14289,11054,30972,42026
"CT",9,3,"1980",0,1167,0,667,0,1834,1834
"CT",9,3,"1984",0,1232,0,1147,0,2379,2379
"CT",9,3,"1985",0,1189,0,1264,0,2453,2453
"CT",9,3,"1986",0,969,0,1382,0,2351,2351
"CT",9,3,"1987",0,1021,0,1466,0,2487,2487
"CT",9,3,"1988",0,956,0,1408,0,2364,2364
"CT",9,3,"1989",0,1028,0,1541,0,2569,2569
"CT",9,3,"1990",0,1061,0,1723,0,2784,2784
"CT",9,3,"1991",0,1055,0,1517,0,2572,2572
"CT",9,3,"1992",0,1095,0,1609,0,2704,2704
"CT",9,3,"1993",0,996,0,1605,0,2601,2601
"CT",9,3,"1994",0,960,0,1589,0,2549,2549
"CT",9,3,"1995",0,972,0,1543,0,2515,2515
"CT",9,3,"1996",0,926,0,1451,0,2377,2377
"CT",9,3,"1997",0,966,0,1204,0,2170,2170
"CT",9,3,"1998",0,1074,0,1149,0,2223,2223
"CT",9,3,"1999",0,1102,0,1223,0,2325,2325
"CT",9,3,"2000",0,1116,0,1040,0,2156,2156
"CT",9,3,"2001",0,1074,0,1071,0,2145,2145
"CT",9,3,"2002",0,1163,0,1073,0,2236,2236
"CT",9,3,"2003",0,1283,0,921,0,2204,2204
"CT",9,3,"2004",0,1277,0,864,0,2141,2141
"CT",9,3,"2005",0,1244,0,781,0,2025,2025
"CT",9,3,"2006",6,1225,26,1262,32,2487,2519
"CT",9,3,"2007",30,1399,52,823,82,2222,2304
"CT",9,3,"2008",169,1639,30,872,199,2511,2710
"CT",9,3,"2009",130,1811,273,1442,403,3253,3656
"CT",9,3,"2010",292,2568,340,1953,632,4521,5153
"CT",9,3,"2011",348,3122,442,3093,790,6215,7005
"CT",9,3,"2012",295,3569,491,4268,786,7837,8623
"CT",9,3,"2013",252,3529,459,4854,711,8383,9094
"CT",9,3,"2014",288,3349,436,5156,724,8505,9229
"DE",10,3,"1980",0,0,0,0,0,0,0
"DE",10,3,"1984",0,0,0,0,0,0,0
"DE",10,3,"1985",0,0,0,0,0,0,0
"DE",10,3,"1986",0,0,0,0,0,0,0
"DE",10,3,"1987",0,0,0,0,0,0,0
"DE",10,3,"1988",0,0,0,0,0,0,0
"DE",10,3,"1989",0,0,0,0,0,0,0
"DE",10,3,"1990",0,0,0,0,0,0,0
"DE",10,3,"1991",0,0,0,0,0,0,0
"DE",10,3,"1992",0,0,0,0,0,0,0
"DE",10,3,"1993",0,0,0,0,0,0,0
"DE",10,3,"1994",0,0,0,0,0,0,0
"DE",10,3,"1995",0,0,0,0,0,0,0
"DE",10,3,"1996",0,0,0,0,0,0,0
"DE",10,3,"1997",0,0,0,0,0,0,0
"DE",10,3,"1998",0,0,0,0,0,0,0
"DE",10,3,"1999",0,0,0,0,0,0,0
"DE",10,3,"2000",0,0,0,0,0,0,0
"DE",10,3,"2001",0,0,0,0,0,0,0
"DE",10,3,"2002",0,0,0,0,0,0,0
"DE",10,3,"2003",0,0,0,0,0,0,0
"DE",10,3,"2004",0,0,0,0,0,0,0
"DE",10,3,"2005",0,0,0,0,0,0,0
"DE",10,3,"2006",0,0,0,0,0,0,0
"DE",10,3,"2007",0,0,0,0,0,0,0
"DE",10,3,"2008",0,0,0,0,0,0,0
"DE",10,3,"2009",0,0,0,0,0,0,0
"DE",10,3,"2010",22,22,74,372,96,394,490
"DE",10,3,"2011",17,22,70,313,87,335,422
"DE",10,3,"2012",9,17,82,224,91,241,332
"DE",10,3,"2013",8,14,84,241,92,255,347
"DE",10,3,"2014",18,28,80,209,98,237,335
"DC",11,3,"1980",0,1271,0,610,0,1881,1881
"DC",11,3,"1984",0,839,0,482,0,1321,1321
"DC",11,3,"1985",0,733,0,493,0,1226,1226
"DC",11,3,"1986",0,400,0,517,0,917,917
"DC",11,3,"1987",0,471,0,555,0,1026,1026
"DC",11,3,"1988",17,567,20,446,37,1013,1050
"DC",11,3,"1989",124,953,114,1135,238,2088,2326
"DC",11,3,"1990",242,1237,184,1253,426,2490,2916
"DC",11,3,"1991",124,621,76,618,200,1239,1439
"DC",11,3,"1992",449,2372,363,2422,812,4794,5606
"DC",11,3,"1993",507,2402,408,2966,915,5368,6283
"DC",11,3,"1994",89,600,35,585,124,1185,1309
"DC",11,3,"1995",112,591,42,748,154,1339,1493
"DC",11,3,"1996",106,641,60,913,166,1554,1720
"DC",11,3,"1997",119,594,48,1091,167,1685,1852
"DC",11,3,"1998",132,746,72,1274,204,2020,2224
"DC",11,3,"1999",130,820,56,965,186,1785,1971
"DC",11,3,"2000",160,781,52,836,212,1617,1829
"DC",11,3,"2001",1280,3027,1056,9157,2336,12184,14520
"DC",11,3,"2002",2302,2793,757,10957,3059,13750,16809
"DC",11,3,"2003",2189,3089,1977,13105,4166,16194,20360
"DC",11,3,"2004",2937,3163,2815,14998,5752,18161,23913
"DC",11,3,"2005",3367,2864,3579,17797,6946,20661,27607
"DC",11,3,"2006",4313,3393,4401,18846,8714,22239,30953
"DC",11,3,"2007",4554,3271,6107,22153,10661,25424,36085
"DC",11,3,"2008",4440,3939,8046,29559,12486,33498,45984
"DC",11,3,"2009",4415,4127,10062,36127,14477,40254,54731
"DC",11,3,"2010",392,735,1414,5396,1806,6131,7937
"DC",11,3,"2011",385,708,1418,3778,1803,4486,6289
"DC",11,3,"2012",293,727,1624,3030,1917,3757,5674
"DC",11,3,"2013",315,828,1485,2194,1800,3022,4822
"DC",11,3,"2014",368,786,1795,3272,2163,4058,6221
"FL",12,3,"1980",134,5537,45,448,179,5985,6164
"FL",12,3,"1984",0,3987,0,872,0,4859,4859
"FL",12,3,"1985",25,4279,11,551,36,4830,4866
"FL",12,3,"1986",45,4490,200,1134,245,5624,5869
"FL",12,3,"1987",106,2834,242,1488,348,4322,4670
"FL",12,3,"1988",237,6137,113,1053,350,7190,7540
"FL",12,3,"1989",255,5810,132,1204,387,7014,7401
"FL",12,3,"1990",383,7306,174,482,557,7788,8345
"FL",12,3,"1991",471,10530,44,686,515,11216,11731
"FL",12,3,"1992",439,12499,43,997,482,13496,13978
"FL",12,3,"1993",532,11449,226,592,758,12041,12799
"FL",12,3,"1994",879,12852,31,567,910,13419,14329
"FL",12,3,"1995",769,11706,197,507,966,12213,13179
"FL",12,3,"1996",696,12248,900,801,1596,13049,14645
"FL",12,3,"1997",855,13762,1065,1886,1920,15648,17568
"FL",12,3,"1998",1356,17917,1348,1686,2704,19603,22307
"FL",12,3,"1999",1866,20744,2114,3807,3980,24551,28531
"FL",12,3,"2000",2369,19748,1534,5632,3903,25380,29283
"FL",12,3,"2001",3640,27356,1347,7086,4987,34442,39429
"FL",12,3,"2002",3704,29068,1489,7475,5193,36543,41736
"FL",12,3,"2003",4946,34289,1805,8460,6751,42749,49500
"FL",12,3,"2004",5733,36458,1843,11352,7576,47810,55386
"FL",12,3,"2005",6113,36326,1460,12221,7573,48547,56120
"FL",12,3,"2006",6255,38252,1468,15735,7723,53987,61710
"FL",12,3,"2007",5972,36593,1027,8132,6999,44725,51724
"FL",12,3,"2008",6287,43842,1637,22685,7924,66527,74451
"FL",12,3,"2009",5931,52851,1581,23498,7512,76349,83861
"FL",12,3,"2010",7362,62528,2436,37704,9798,100232,110030
"FL",12,3,"2011",7150,71776,2697,36738,9847,108514,118361
"FL",12,3,"2012",6110,81911,3176,34106,9286,116017,125303
"FL",12,3,"2013",5684,75822,3601,29499,9285,105321,114606
"FL",12,3,"2014",5312,67138,3172,24079,8484,91217,99701
"GA",13,3,"1980",0,1748,0,168,0,1916,1916
"GA",13,3,"1984",0,2252,0,110,0,2362,2362
"GA",13,3,"1985",0,2264,0,172,0,2436,2436
"GA",13,3,"1986",0,2782,0,107,0,2889,2889
"GA",13,3,"1987",0,2189,0,498,0,2687,2687
"GA",13,3,"1988",0,2536,0,532,0,3068,3068
"GA",13,3,"1989",0,2043,0,575,0,2618,2618
"GA",13,3,"1990",0,2583,0,328,0,2911,2911
"GA",13,3,"1991",72,2408,16,446,88,2854,2942
"GA",13,3,"1992",99,2489,23,390,122,2879,3001
"GA",13,3,"1993",125,2199,155,415,280,2614,2894
"GA",13,3,"1994",239,1830,109,621,348,2451,2799
"GA",13,3,"1995",163,2227,196,249,359,2476,2835
"GA",13,3,"1996",182,2502,216,314,398,2816,3214
"GA",13,3,"1997",149,2504,184,382,333,2886,3219
"GA",13,3,"1998",182,2486,211,444,393,2930,3323
"GA",13,3,"1999",181,2712,273,496,454,3208,3662
"GA",13,3,"2000",697,2468,400,332,1097,2800,3897
"GA",13,3,"2001",561,3755,567,958,1128,4713,5841
"GA",13,3,"2002",1012,4504,353,1327,1365,5831,7196
"GA",13,3,"2003",1531,4923,219,795,1750,5718,7468
"GA",13,3,"2004",2259,6230,266,1192,2525,7422,9947
"GA",13,3,"2005",2597,7886,629,1471,3226,9357,12583
"GA",13,3,"2006",2915,8970,1051,3401,3966,12371,16337
"GA",13,3,"2007",3104,9628,1128,5018,4232,14646,18878
"GA",13,3,"2008",3243,11997,1234,7040,4477,19037,23514
"GA",13,3,"2009",3871,17932,1259,8809,5130,26741,31871
"GA",13,3,"2010",4408,21672,2932,16620,7340,38292,45632
"GA",13,3,"2011",3454,34067,3791,7423,7245,41490,48735
"GA",13,3,"2012",2782,23699,3622,6790,6404,30489,36893
"GA",13,3,"2013",3589,21709,4263,8148,7852,29857,37709
"GA",13,3,"2014",4640,19823,3752,7506,8392,27329,35721
"HI",15,3,"1980",0,0,0,0,0,0,0
"HI",15,3,"1984",0,0,0,0,0,0,0
"HI",15,3,"1985",0,0,0,0,0,0,0
"HI",15,3,"1986",0,0,0,0,0,0,0
"HI",15,3,"1987",0,0,0,0,0,0,0
"HI",15,3,"1988",0,0,0,0,0,0,0
"HI",15,3,"1989",0,0,0,0,0,0,0
"HI",15,3,"1990",0,0,0,0,0,0,0
"HI",15,3,"1991",72,0,0,0,72,0,72
"HI",15,3,"1992",37,0,42,0,79,0,79
"HI",15,3,"1993",32,0,42,0,74,0,74
"HI",15,3,"1994",76,0,3,0,79,0,79
"HI",15,3,"1995",51,0,49,0,100,0,100
"HI",15,3,"1996",268,401,6,0,274,401,675
"HI",15,3,"1997",379,523,46,0,425,523,948
"HI",15,3,"1998",396,638,44,0,440,638,1078
"HI",15,3,"1999",665,577,62,0,727,577,1304
"HI",15,3,"2000",622,544,128,0,750,544,1294
"HI",15,3,"2001",598,560,33,0,631,560,1191
"HI",15,3,"2002",690,785,81,1,771,786,1557
"HI",15,3,"2003",707,890,77,0,784,890,1674
"HI",15,3,"2004",833,972,44,4,877,976,1853
"HI",15,3,"2005",769,930,66,4,835,934,1769
"HI",15,3,"2006",752,817,68,7,820,824,1644
"HI",15,3,"2007",610,680,111,17,721,697,1418
"HI",15,3,"2008",541,799,125,17,666,816,1482
"HI",15,3,"2009",566,699,61,11,627,710,1337
"HI",15,3,"2010",583,1052,54,36,637,1088,1725
"HI",15,3,"2011",346,1300,255,73,601,1373,1974
"HI",15,3,"2012",373,1414,290,81,663,1495,2158
"HI",15,3,"2013",380,1411,315,196,695,1607,2302
"HI",15,3,"2014",428,1673,313,166,741,1839,2580
"ID",16,3,"1980",0,0,0,0,0,0,0
"ID",16,3,"1984",0,0,0,0,0,0,0
"ID",16,3,"1985",0,0,0,0,0,0,0
"ID",16,3,"1986",0,0,0,444,0,444,444
"ID",16,3,"1987",0,472,0,533,0,1005,1005
"ID",16,3,"1988",0,0,0,444,0,444,444
"ID",16,3,"1989",0,423,0,0,0,423,423
"ID",16,3,"1990",0,433,0,0,0,433,433
"ID",16,3,"1991",0,383,0,0,0,383,383
"ID",16,3,"1992",0,311,0,0,0,311,311
"ID",16,3,"1993",0,453,0,0,0,453,453
"ID",16,3,"1994",0,422,0,0,0,422,422
"ID",16,3,"1995",0,316,0,0,0,316,316
"ID",16,3,"1996",0,367,0,0,0,367,367
"ID",16,3,"1997",0,383,0,0,0,383,383
"ID",16,3,"1998",0,462,0,0,0,462,462
"ID",16,3,"1999",0,456,0,4,0,460,460
"ID",16,3,"2000",0,418,0,2,0,420,420
"ID",16,3,"2001",12,1099,0,0,12,1099,1111
"ID",16,3,"2002",51,521,0,44,51,565,616
"ID",16,3,"2003",87,725,0,90,87,815,902
"ID",16,3,"2004",113,931,0,177,113,1108,1221
"ID",16,3,"2005",111,1017,0,104,111,1121,1232
"ID",16,3,"2006",125,898,0,88,125,986,1111
"ID",16,3,"2007",110,838,0,100,110,938,1048
"ID",16,3,"2008",94,914,0,96,94,1010,1104
"ID",16,3,"2009",52,1389,0,126,52,1515,1567
"ID",16,3,"2010",65,1832,0,138,65,1970,2035
"ID",16,3,"2011",55,1461,0,207,55,1668,1723
"ID",16,3,"2012",30,1227,0,185,30,1412,1442
"ID",16,3,"2013",24,957,0,112,24,1069,1093
"ID",16,3,"2014",17,844,0,130,17,974,991
"IL",17,3,"1980",0,1254,0,878,0,2132,2132
"IL",17,3,"1984",129,1247,218,607,347,1854,2201
"IL",17,3,"1985",128,1175,277,618,405,1793,2198
"IL",17,3,"1986",132,2048,242,859,374,2907,3281
"IL",17,3,"1987",75,2131,375,1090,450,3221,3671
"IL",17,3,"1988",97,2412,351,1213,448,3625,4073
"IL",17,3,"1989",77,2417,394,1223,471,3640,4111
"IL",17,3,"1990",99,2322,369,1192,468,3514,3982
"IL",17,3,"1991",380,2200,219,1126,599,3326,3925
"IL",17,3,"1992",238,2366,405,1041,643,3407,4050
"IL",17,3,"1993",269,2439,418,1133,687,3572,4259
"IL",17,3,"1994",383,2156,293,1031,676,3187,3863
"IL",17,3,"1995",346,2322,498,1065,844,3387,4231
"IL",17,3,"1996",858,2300,246,1013,1104,3313,4417
"IL",17,3,"1997",604,3156,226,1233,830,4389,5219
"IL",17,3,"1998",515,3885,262,1019,777,4904,5681
"IL",17,3,"1999",583,4830,236,1053,819,5883,6702
"IL",17,3,"2000",498,5599,297,1324,795,6923,7718
"IL",17,3,"2001",583,5843,320,2394,903,8237,9140
"IL",17,3,"2002",738,7719,295,2698,1033,10417,11450
"IL",17,3,"2003",1065,9803,449,2829,1514,12632,14146
"IL",17,3,"2004",1509,11166,330,3198,1839,14364,16203
"IL",17,3,"2005",5565,40902,477,3386,6042,44288,50330
"IL",17,3,"2006",4899,32562,394,3687,5293,36249,41542
"IL",17,3,"2007",4532,31539,639,4297,5171,35836,41007
"IL",17,3,"2008",5016,33841,1062,5254,6078,39095,45173
"IL",17,3,"2009",3165,31664,863,4611,4028,36275,40303
"IL",17,3,"2010",3358,27725,1400,9834,4758,37559,42317
"IL",17,3,"2011",2263,22008,3172,11389,5435,33397,38832
"IL",17,3,"2012",2109,17181,3581,18986,5690,36167,41857
"IL",17,3,"2013",2548,22840,9969,31265,12517,54105,66622
"IL",17,3,"2014",2297,21576,11759,31777,14056,53353,67409
"IN",18,3,"1980",0,1787,0,5,0,1792,1792
"IN",18,3,"1984",0,3508,0,108,0,3616,3616
"IN",18,3,"1985",0,3696,0,23,0,3719,3719
"IN",18,3,"1986",0,2988,0,131,0,3119,3119
"IN",18,3,"1987",0,2719,0,319,0,3038,3038
"IN",18,3,"1988",0,3938,0,395,0,4333,4333
"IN",18,3,"1989",0,3417,0,414,0,3831,3831
"IN",18,3,"1990",0,3751,0,549,0,4300,4300
"IN",18,3,"1991",0,4338,0,545,0,4883,4883
"IN",18,3,"1992",0,4063,0,766,0,4829,4829
"IN",18,3,"1993",0,4368,0,569,0,4937,4937
"IN",18,3,"1994",0,3640,0,462,0,4102,4102
"IN",18,3,"1995",111,3058,0,614,111,3672,3783
"IN",18,3,"1996",71,3311,0,537,71,3848,3919
"IN",18,3,"1997",126,3617,0,373,126,3990,4116
"IN",18,3,"1998",129,3897,0,386,129,4283,4412
"IN",18,3,"1999",14,3607,0,319,14,3926,3940
"IN",18,3,"2000",14,3199,14,234,28,3433,3461
"IN",18,3,"2001",14,4339,14,222,28,4561,4589
"IN",18,3,"2002",14,4393,14,464,28,4857,4885
"IN",18,3,"2003",8,4609,22,740,30,5349,5379
"IN",18,3,"2004",92,5153,92,1114,184,6267,6451
"IN",18,3,"2005",142,6252,201,1398,343,7650,7993
"IN",18,3,"2006",108,6554,208,1182,316,7736,8052
"IN",18,3,"2007",63,7526,192,2456,255,9982,10237
"IN",18,3,"2008",77,8256,138,3110,215,11366,11581
"IN",18,3,"2009",94,12213,175,4924,269,17137,17406
"IN",18,3,"2010",3275,13900,200,6200,3475,20100,23575
"IN",18,3,"2011",3615,12590,155,5549,3770,18139,21909
"IN",18,3,"2012",3462,12066,134,5917,3596,17983,21579
"IN",18,3,"2013",3095,10257,265,4483,3360,14740,18100
"IN",18,3,"2014",2643,9269,237,3607,2880,12876,15756
"IA",19,3,"1980",0,408,0,0,0,408,408
"IA",19,3,"1984",0,853,0,17,0,870,870
"IA",19,3,"1985",0,778,0,31,0,809,809
"IA",19,3,"1986",0,829,0,55,0,884,884
"IA",19,3,"1987",0,1288,0,61,0,1349,1349
"IA",19,3,"1988",0,970,0,46,0,1016,1016
"IA",19,3,"1989",0,1148,0,263,0,1411,1411
"IA",19,3,"1990",0,1405,0,304,0,1709,1709
"IA",19,3,"1991",0,1235,0,293,0,1528,1528
"IA",19,3,"1992",0,1102,0,298,0,1400,1400
"IA",19,3,"1993",0,1757,0,590,0,2347,2347
"IA",19,3,"1994",0,1729,0,668,0,2397,2397
"IA",19,3,"1995",0,1927,0,566,0,2493,2493
"IA",19,3,"1996",0,1683,0,575,0,2258,2258
"IA",19,3,"1997",0,1593,0,675,0,2268,2268
"IA",19,3,"1998",0,1628,0,978,0,2606,2606
"IA",19,3,"1999",0,2342,0,276,0,2618,2618
"IA",19,3,"2000",0,2485,0,175,0,2660,2660
"IA",19,3,"2001",0,2943,0,444,0,3387,3387
"IA",19,3,"2002",0,3867,0,1856,0,5723,5723
"IA",19,3,"2003",0,4616,0,7708,0,12324,12324
"IA",19,3,"2004",0,4943,0,9263,0,14206,14206
"IA",19,3,"2005",126,8395,42,15044,168,23439,23607
"IA",19,3,"2006",359,7647,720,19781,1079,27428,28507
"IA",19,3,"2007",346,6816,1344,26579,1690,33395,35085
"IA",19,3,"2008",801,5390,3002,38759,3803,44149,47952
"IA",19,3,"2009",1009,9876,3678,60166,4687,70042,74729
"IA",19,3,"2010",5718,13045,4342,59540,10060,72585,82645
"IA",19,3,"2011",1047,14092,8794,36596,9841,50688,60529
"IA",19,3,"2012",2552,10903,8458,30822,11010,41725,52735
"IA",19,3,"2013",6670,8924,5613,34897,12283,43821,56104
"IA",19,3,"2014",6525,7618,5245,36521,11770,44139,55909
"KS",20,3,"1980",0,0,0,0,0,0,0
"KS",20,3,"1984",0,0,0,0,0,0,0
"KS",20,3,"1985",0,0,0,0,0,0,0
"KS",20,3,"1986",0,0,0,0,0,0,0
"KS",20,3,"1987",0,0,0,0,0,0,0
"KS",20,3,"1988",0,219,0,4,0,223,223
"KS",20,3,"1989",0,95,0,32,0,127,127
"KS",20,3,"1990",0,703,0,2,0,705,705
"KS",20,3,"1991",0,611,0,2,0,613,613
"KS",20,3,"1992",0,628,0,4,0,632,632
"KS",20,3,"1993",0,520,0,6,0,526,526
"KS",20,3,"1994",0,523,0,12,0,535,535
"KS",20,3,"1995",0,577,0,6,0,583,583
"KS",20,3,"1996",0,494,0,4,0,498,498
"KS",20,3,"1997",0,477,0,0,0,477,477
"KS",20,3,"1998",0,500,0,0,0,500,500
"KS",20,3,"1999",0,438,0,1,0,439,439
"KS",20,3,"2000",0,210,0,0,0,210,210
"KS",20,3,"2001",0,433,0,1,0,434,434
"KS",20,3,"2002",0,512,0,0,0,512,512
"KS",20,3,"2003",0,631,0,57,0,688,688
"KS",20,3,"2004",0,728,0,58,0,786,786
"KS",20,3,"2005",0,779,0,102,0,881,881
"KS",20,3,"2006",538,7253,0,144,538,7397,7935
"KS",20,3,"2007",0,813,0,301,0,1114,1114
"KS",20,3,"2008",0,1133,0,425,0,1558,1558
"KS",20,3,"2009",723,5024,74,4123,797,9147,9944
"KS",20,3,"2010",771,4975,293,5968,1064,10943,12007
"KS",20,3,"2011",978,4864,352,6359,1330,11223,12553
"KS",20,3,"2012",1256,6212,309,5008,1565,11220,12785
"KS",20,3,"2013",1296,8485,302,4330,1598,12815,14413
"KS",20,3,"2014",1269,8830,430,4842,1699,13672,15371
"KY",21,3,"1980",0,2306,0,475,0,2781,2781
"KY",21,3,"1984",0,3007,0,691,0,3698,3698
"KY",21,3,"1985",0,3211,0,389,0,3600,3600
"KY",21,3,"1986",0,3545,0,705,0,4250,4250
"KY",21,3,"1987",0,3700,0,762,0,4462,4462
"KY",21,3,"1988",0,3909,0,698,0,4607,4607
"KY",21,3,"1989",0,4266,0,932,0,5198,5198
"KY",21,3,"1990",0,3933,0,762,0,4695,4695
"KY",21,3,"1991",0,4045,0,678,0,4723,4723
"KY",21,3,"1992",0,4120,0,702,0,4822,4822
"KY",21,3,"1993",0,3706,0,855,0,4561,4561
"KY",21,3,"1994",0,3415,0,1132,0,4547,4547
"KY",21,3,"1995",0,3611,0,1412,0,5023,5023
"KY",21,3,"1996",0,4155,0,1323,0,5478,5478
"KY",21,3,"1997",1,4747,48,1415,49,6162,6211
"KY",21,3,"1998",1,4982,52,1662,53,6644,6697
"KY",21,3,"1999",27,5245,73,1824,100,7069,7169
"KY",21,3,"2000",27,5926,76,1758,103,7684,7787
"KY",21,3,"2001",106,6915,67,2006,173,8921,9094
"KY",21,3,"2002",260,5525,17,3106,277,8631,8908
"KY",21,3,"2003",303,7464,11,2432,314,9896,10210
"KY",21,3,"2004",287,8596,49,2844,336,11440,11776
"KY",21,3,"2005",210,8383,213,4156,423,12539,12962
"KY",21,3,"2006",206,7849,152,4939,358,12788,13146
"KY",21,3,"2007",134,7943,139,4960,273,12903,13176
"KY",21,3,"2008",221,8339,225,3921,446,12260,12706
"KY",21,3,"2009",458,11936,322,5194,780,17130,17910
"KY",21,3,"2010",697,12151,410,5839,1107,17990,19097
"KY",21,3,"2011",890,10853,415,4472,1305,15325,16630
"KY",21,3,"2012",983,8943,519,3917,1502,12860,14362
"KY",21,3,"2013",1003,7643,352,3100,1355,10743,12098
"KY",21,3,"2014",1041,5783,334,2888,1375,8671,10046
"LA",22,3,"1980",0,0,0,0,0,0,0
"LA",22,3,"1984",0,0,0,0,0,0,0
"LA",22,3,"1985",0,0,0,0,0,0,0
"LA",22,3,"1986",0,0,0,0,0,0,0
"LA",22,3,"1987",0,0,0,0,0,0,0
"LA",22,3,"1988",0,0,0,0,0,0,0
"LA",22,3,"1989",0,0,0,0,0,0,0
"LA",22,3,"1990",0,0,0,0,0,0,0
"LA",22,3,"1991",0,0,0,0,0,0,0
"LA",22,3,"1992",0,0,0,0,0,0,0
"LA",22,3,"1993",0,0,0,0,0,0,0
"LA",22,3,"1994",0,0,0,0,0,0,0
"LA",22,3,"1995",0,0,0,0,0,0,0
"LA",22,3,"1996",74,140,0,0,74,140,214
"LA",22,3,"1997",185,389,0,0,185,389,574
"LA",22,3,"1998",355,688,0,0,355,688,1043
"LA",22,3,"1999",481,992,0,48,481,1040,1521
"LA",22,3,"2000",591,1116,0,48,591,1164,1755
"LA",22,3,"2001",556,1859,0,67,556,1926,2482
"LA",22,3,"2002",516,1795,0,60,516,1855,2371
"LA",22,3,"2003",585,2113,0,120,585,2233,2818
"LA",22,3,"2004",681,2521,0,291,681,2812,3493
"LA",22,3,"2005",662,2105,0,137,662,2242,2904
"LA",22,3,"2006",511,2231,0,161,511,2392,2903
"LA",22,3,"2007",465,2270,0,163,465,2433,2898
"LA",22,3,"2008",420,2425,0,226,420,2651,3071
"LA",22,3,"2009",346,2807,0,271,346,3078,3424
"LA",22,3,"2010",321,3420,13,488,334,3908,4242
"LA",22,3,"2011",305,3136,31,466,336,3602,3938
"LA",22,3,"2012",266,2736,37,441,303,3177,3480
"LA",22,3,"2013",226,2261,49,422,275,2683,2958
"LA",22,3,"2014",170,1936,68,445,238,2381,2619
"ME",23,3,"1980",0,340,0,0,0,340,340
"ME",23,3,"1984",0,427,0,14,0,441,441
"ME",23,3,"1985",0,447,0,35,0,482,482
"ME",23,3,"1986",0,423,0,20,0,443,443
"ME",23,3,"1987",0,404,0,33,0,437,437
"ME",23,3,"1988",0,413,0,51,0,464,464
"ME",23,3,"1989",0,430,0,30,0,460,460
"ME",23,3,"1990",0,408,0,27,0,435,435
"ME",23,3,"1991",0,438,0,16,0,454,454
"ME",23,3,"1992",0,438,0,19,0,457,457
"ME",23,3,"1993",0,494,0,17,0,511,511
"ME",23,3,"1994",0,518,0,10,0,528,528
"ME",23,3,"1995",0,591,0,17,0,608,608
"ME",23,3,"1996",0,619,0,11,0,630,630
"ME",23,3,"1997",0,619,0,17,0,636,636
"ME",23,3,"1998",0,520,0,32,0,552,552
"ME",23,3,"1999",0,554,0,28,0,582,582
"ME",23,3,"2000",0,546,0,20,0,566,566
"ME",23,3,"2001",0,505,0,16,0,521,521
"ME",23,3,"2002",0,528,0,13,0,541,541
"ME",23,3,"2003",0,550,0,14,0,564,564
"ME",23,3,"2004",0,490,0,138,0,628,628
"ME",23,3,"2005",0,528,0,62,0,590,590
"ME",23,3,"2006",0,577,0,453,0,1030,1030
"ME",23,3,"2007",0,606,0,462,0,1068,1068
"ME",23,3,"2008",0,666,0,580,0,1246,1246
"ME",23,3,"2009",0,398,0,1147,0,1545,1545
"ME",23,3,"2010",0,505,0,868,0,1373,1373
"ME",23,3,"2011",0,365,0,608,0,973,973
"ME",23,3,"2012",2,461,9,575,11,1036,1047
"ME",23,3,"2013",35,656,6,716,41,1372,1413
"ME",23,3,"2014",48,589,23,913,71,1502,1573
"MD",24,3,"1980",0,0,0,0,0,0,0
"MD",24,3,"1984",0,246,0,13,0,259,259
"MD",24,3,"1985",0,243,0,17,0,260,260
"MD",24,3,"1986",0,355,0,108,0,463,463
"MD",24,3,"1987",0,355,0,116,0,471,471
"MD",24,3,"1988",0,311,0,152,0,463,463
"MD",24,3,"1989",0,288,0,125,0,413,413
"MD",24,3,"1990",0,216,0,144,0,360,360
"MD",24,3,"1991",0,266,0,153,0,419,419
"MD",24,3,"1992",0,283,0,211,0,494,494
"MD",24,3,"1993",0,251,0,253,0,504,504
"MD",24,3,"1994",0,297,0,211,0,508,508
"MD",24,3,"1995",0,297,0,220,0,517,517
"MD",24,3,"1996",0,310,0,211,0,521,521
"MD",24,3,"1997",0,267,0,197,0,464,464
"MD",24,3,"1998",30,373,25,820,55,1193,1248
"MD",24,3,"1999",67,652,29,1052,96,1704,1800
"MD",24,3,"2000",179,878,30,1210,209,2088,2297
"MD",24,3,"2001",345,1350,0,340,345,1690,2035
"MD",24,3,"2002",426,1787,0,216,426,2003,2429
"MD",24,3,"2003",540,2128,0,162,540,2290,2830
"MD",24,3,"2004",616,2221,0,201,616,2422,3038
"MD",24,3,"2005",443,2681,0,49,443,2730,3173
"MD",24,3,"2006",389,2370,0,479,389,2849,3238
"MD",24,3,"2007",286,2308,0,232,286,2540,2826
"MD",24,3,"2008",161,2166,0,529,161,2695,2856
"MD",24,3,"2009",82,2237,0,772,82,3009,3091
"MD",24,3,"2010",505,2459,878,4993,1383,7452,8835
"MD",24,3,"2011",533,2309,877,3835,1410,6144,7554
"MD",24,3,"2012",382,1962,844,2987,1226,4949,6175
"MD",24,3,"2013",345,1716,870,2662,1215,4378,5593
"MD",24,3,"2014",381,1653,675,2476,1056,4129,5185
"MA",25,3,"1980",0,711,0,193,0,904,904
"MA",25,3,"1984",0,387,0,154,0,541,541
"MA",25,3,"1985",0,659,0,211,0,870,870
"MA",25,3,"1986",0,620,0,1788,0,2408,2408
"MA",25,3,"1987",0,720,0,1810,0,2530,2530
"MA",25,3,"1988",0,622,0,1773,0,2395,2395
"MA",25,3,"1989",0,620,0,1673,0,2293,2293
"MA",25,3,"1990",0,550,0,1367,0,1917,1917
"MA",25,3,"1991",0,801,0,1397,0,2198,2198
"MA",25,3,"1992",0,874,0,1657,0,2531,2531
"MA",25,3,"1993",0,836,0,1772,0,2608,2608
"MA",25,3,"1994",0,904,0,1588,0,2492,2492
"MA",25,3,"1995",0,1033,0,1547,0,2580,2580
"MA",25,3,"1996",0,1191,0,84,0,1275,1275
"MA",25,3,"1997",0,1133,0,114,0,1247,1247
"MA",25,3,"1998",0,1165,0,1289,0,2454,2454
"MA",25,3,"1999",0,1530,0,1068,0,2598,2598
"MA",25,3,"2000",0,1334,0,1009,0,2343,2343
"MA",25,3,"2001",0,1423,0,229,0,1652,1652
"MA",25,3,"2002",107,1925,0,476,107,2401,2508
"MA",25,3,"2003",213,2084,0,657,213,2741,2954
"MA",25,3,"2004",220,2510,0,700,220,3210,3430
"MA",25,3,"2005",207,2701,0,965,207,3666,3873
"MA",25,3,"2006",164,2778,0,610,164,3388,3552
"MA",25,3,"2007",125,2749,0,535,125,3284,3409
"MA",25,3,"2008",103,2860,0,747,103,3607,3710
"MA",25,3,"2009",82,3075,20,1309,102,4384,4486
"MA",25,3,"2010",145,3335,31,1754,176,5089,5265
"MA",25,3,"2011",131,3131,157,1776,288,4907,5195
"MA",25,3,"2012",125,3187,135,1723,260,4910,5170
"MA",25,3,"2013",133,2542,101,1443,234,3985,4219
"MA",25,3,"2014",105,2220,65,1114,170,3334,3504
"MI",26,3,"1980",0,0,0,0,0,0,0
"MI",26,3,"1984",0,0,0,0,0,0,0
"MI",26,3,"1985",0,0,0,0,0,0,0
"MI",26,3,"1986",0,363,0,0,0,363,363
"MI",26,3,"1987",0,363,0,0,0,363,363
"MI",26,3,"1988",0,433,0,1,0,434,434
"MI",26,3,"1989",0,383,0,0,0,383,383
"MI",26,3,"1990",0,753,0,0,0,753,753
"MI",26,3,"1991",0,866,0,0,0,866,866
"MI",26,3,"1992",0,995,0,0,0,995,995
"MI",26,3,"1993",0,1113,0,0,0,1113,1113
"MI",26,3,"1994",0,1118,0,0,0,1118,1118
"MI",26,3,"1995",0,1021,0,0,0,1021,1021
"MI",26,3,"1996",242,809,0,0,242,809,1051
"MI",26,3,"1997",570,2108,0,0,570,2108,2678
"MI",26,3,"1998",603,2770,0,0,603,2770,3373
"MI",26,3,"1999",723,2683,0,5,723,2688,3411
"MI",26,3,"2000",817,2282,0,2,817,2284,3101
"MI",26,3,"2001",946,3953,0,3,946,3956,4902
"MI",26,3,"2002",1021,4279,0,142,1021,4421,5442
"MI",26,3,"2003",1023,4615,0,301,1023,4916,5939
"MI",26,3,"2004",1275,6174,0,558,1275,6732,8007
"MI",26,3,"2005",1221,6110,0,396,1221,6506,7727
"MI",26,3,"2006",1139,6585,0,636,1139,7221,8360
"MI",26,3,"2007",758,6202,0,864,758,7066,7824
"MI",26,3,"2008",637,6437,0,1212,637,7649,8286
"MI",26,3,"2009",437,7117,0,1580,437,8697,9134
"MI",26,3,"2010",348,7631,0,1724,348,9355,9703
"MI",26,3,"2011",393,6261,9,1919,402,8180,8582
"MI",26,3,"2012",329,4923,84,1506,413,6429,6842
"MI",26,3,"2013",348,4081,224,1463,572,5544,6116
"MI",26,3,"2014",319,3741,251,1007,570,4748,5318
"MN",27,3,"1980",0,1022,0,224,0,1246,1246
"MN",27,3,"1984",0,1553,0,2,0,1555,1555
"MN",27,3,"1985",0,1357,0,299,0,1656,1656
"MN",27,3,"1986",72,2600,55,335,127,2935,3062
"MN",27,3,"1987",0,2515,93,408,93,2923,3016
"MN",27,3,"1988",72,2702,55,381,127,3083,3210
"MN",27,3,"1989",46,2857,0,518,46,3375,3421
"MN",27,3,"1990",422,2780,0,521,422,3301,3723
"MN",27,3,"1991",562,2491,0,520,562,3011,3573
"MN",27,3,"1992",0,4357,0,598,0,4955,4955
"MN",27,3,"1993",0,3340,0,786,0,4126,4126
"MN",27,3,"1994",824,3384,0,1016,824,4400,5224
"MN",27,3,"1995",924,3015,0,1291,924,4306,5230
"MN",27,3,"1996",1046,3761,45,1670,1091,5431,6522
"MN",27,3,"1997",1055,3575,144,1517,1199,5092,6291
"MN",27,3,"1998",1676,4810,194,2010,1870,6820,8690
"MN",27,3,"1999",2332,5231,227,1992,2559,7223,9782
"MN",27,3,"2000",1264,5257,280,2036,1544,7293,8837
"MN",27,3,"2001",3336,6133,2083,2515,5419,8648,14067
"MN",27,3,"2002",5754,6182,4369,3707,10123,9889,20012
"MN",27,3,"2003",9273,6807,7614,4085,16887,10892,27779
"MN",27,3,"2004",14890,8439,9353,5318,24243,13757,38000
"MN",27,3,"2005",17688,8873,15870,6264,33558,15137,48695
"MN",27,3,"2006",21125,9393,20472,6869,41597,16262,57859
"MN",27,3,"2007",20955,8379,26399,9294,47354,17673,65027
"MN",27,3,"2008",28650,8788,25557,13090,54207,21878,76085
"MN",27,3,"2009",31316,12101,31310,21445,62626,33546,96172
"MN",27,3,"2010",32750,12784,37627,29548,70377,42332,112709
"MN",27,3,"2011",31613,11284,38590,27050,70203,38334,108537
"MN",27,3,"2012",30942,9795,39184,25590,70126,35385,105511
"MN",27,3,"2013",29781,10430,40168,22098,69949,32528,102477
"MN",27,3,"2014",27921,9336,42510,22517,70431,31853,102284
"MS",28,3,"1980",0,0,0,0,0,0,0
"MS",28,3,"1984",0,0,0,0,0,0,0
"MS",28,3,"1985",0,0,0,0,0,0,0
"MS",28,3,"1986",0,0,0,0,0,0,0
"MS",28,3,"1987",0,0,0,0,0,0,0
"MS",28,3,"1988",0,0,0,0,0,0,0
"MS",28,3,"1989",0,0,0,0,0,0,0
"MS",28,3,"1990",0,0,0,0,0,0,0
"MS",28,3,"1991",0,0,0,0,0,0,0
"MS",28,3,"1992",0,0,0,0,0,0,0
"MS",28,3,"1993",0,0,0,0,0,0,0
"MS",28,3,"1994",0,0,0,0,0,0,0
"MS",28,3,"1995",0,0,0,0,0,0,0
"MS",28,3,"1996",0,0,0,0,0,0,0
"MS",28,3,"1997",0,0,0,0,0,0,0
"MS",28,3,"1998",0,0,0,0,0,0,0
"MS",28,3,"1999",0,0,0,0,0,0,0
"MS",28,3,"2000",0,0,0,0,0,0,0
"MS",28,3,"2001",0,0,0,0,0,0,0
"MS",28,3,"2002",0,0,0,0,0,0,0
"MS",28,3,"2003",0,0,0,0,0,0,0
"MS",28,3,"2004",0,0,0,0,0,0,0
"MS",28,3,"2005",0,0,0,0,0,0,0
"MS",28,3,"2006",0,0,0,0,0,0,0
"MS",28,3,"2007",0,0,0,0,0,0,0
"MS",28,3,"2008",0,0,0,0,0,0,0
"MS",28,3,"2009",0,0,0,0,0,0,0
"MS",28,3,"2010",0,6,22,205,22,211,233
"MS",28,3,"2011",16,59,63,231,79,290,369
"MS",28,3,"2012",11,97,100,206,111,303,414
"MS",28,3,"2013",9,83,112,139,121,222,343
"MS",28,3,"2014",6,58,111,150,117,208,325
"MO",29,3,"1980",0,0,0,0,0,0,0
"MO",29,3,"1984",0,723,0,18,0,741,741
"MO",29,3,"1985",0,1051,0,11,0,1062,1062
"MO",29,3,"1986",0,951,0,8,0,959,959
"MO",29,3,"1987",0,1132,0,29,0,1161,1161
"MO",29,3,"1988",0,1052,0,32,0,1084,1084
"MO",29,3,"1989",0,1073,0,82,0,1155,1155
"MO",29,3,"1990",0,1777,0,108,0,1885,1885
"MO",29,3,"1991",10,1533,24,123,34,1656,1690
"MO",29,3,"1992",198,2278,0,124,198,2402,2600
"MO",29,3,"1993",130,4275,43,100,173,4375,4548
"MO",29,3,"1994",0,4369,0,172,0,4541,4541
"MO",29,3,"1995",0,4591,0,226,0,4817,4817
"MO",29,3,"1996",0,4678,0,240,0,4918,4918
"MO",29,3,"1997",0,4394,4,499,4,4893,4897
"MO",29,3,"1998",0,4969,16,373,16,5342,5358
"MO",29,3,"1999",0,4077,16,459,16,4536,4552
"MO",29,3,"2000",0,4256,13,984,13,5240,5253
"MO",29,3,"2001",63,5540,11,625,74,6165,6239
"MO",29,3,"2002",202,6191,23,849,225,7040,7265
"MO",29,3,"2003",312,6847,22,1046,334,7893,8227
"MO",29,3,"2004",430,7254,24,1223,454,8477,8931
"MO",29,3,"2005",441,8742,34,1118,475,9860,10335
"MO",29,3,"2006",409,8693,54,1655,463,10348,10811
"MO",29,3,"2007",268,7840,76,2156,344,9996,10340
"MO",29,3,"2008",215,8185,66,2423,281,10608,10889
"MO",29,3,"2009",133,11189,97,3112,230,14301,14531
"MO",29,3,"2010",151,12277,118,3609,269,15886,16155
"MO",29,3,"2011",120,12257,118,10287,238,22544,22782
"MO",29,3,"2012",91,9604,131,2883,222,12487,12709
"MO",29,3,"2013",161,10685,384,2879,545,13564,14109
"MO",29,3,"2014",147,8201,339,2480,486,10681,11167
"NE",31,3,"1980",0,0,0,0,0,0,0
"NE",31,3,"1984",0,0,0,0,0,0,0
"NE",31,3,"1985",0,0,0,0,0,0,0
"NE",31,3,"1986",0,251,0,74,0,325,325
"NE",31,3,"1987",0,312,0,87,0,399,399
"NE",31,3,"1988",0,744,0,151,0,895,895
"NE",31,3,"1989",0,1137,0,0,0,1137,1137
"NE",31,3,"1990",0,1132,0,0,0,1132,1132
"NE",31,3,"1991",0,1118,0,0,0,1118,1118
"NE",31,3,"1992",0,1057,0,89,0,1146,1146
"NE",31,3,"1993",0,790,0,0,0,790,790
"NE",31,3,"1994",0,1081,0,0,0,1081,1081
"NE",31,3,"1995",0,836,0,67,0,903,903
"NE",31,3,"1996",0,793,0,106,0,899,899
"NE",31,3,"1997",0,1036,0,127,0,1163,1163
"NE",31,3,"1998",0,989,0,54,0,1043,1043
"NE",31,3,"1999",0,1029,0,196,0,1225,1225
"NE",31,3,"2000",0,1239,0,155,0,1394,1394
"NE",31,3,"2001",0,1288,0,217,0,1505,1505
"NE",31,3,"2002",0,1405,0,154,0,1559,1559
"NE",31,3,"2003",0,1412,0,239,0,1651,1651
"NE",31,3,"2004",0,1583,0,144,0,1727,1727
"NE",31,3,"2005",0,1409,0,252,0,1661,1661
"NE",31,3,"2006",29,1886,0,356,29,2242,2271
"NE",31,3,"2007",39,1535,0,303,39,1838,1877
"NE",31,3,"2008",6,1401,0,392,6,1793,1799
"NE",31,3,"2009",9,1809,0,667,9,2476,2485
"NE",31,3,"2010",47,1768,3,853,50,2621,2671
"NE",31,3,"2011",22,1551,29,521,51,2072,2123
"NE",31,3,"2012",37,1248,42,695,79,1943,2022
"NE",31,3,"2013",73,1272,30,773,103,2045,2148
"NE",31,3,"2014",78,1135,29,735,107,1870,1977
"NV",32,3,"1980",0,0,0,0,0,0,0
"NV",32,3,"1984",0,0,0,0,0,0,0
"NV",32,3,"1985",0,0,0,0,0,0,0
"NV",32,3,"1986",0,163,0,58,0,221,221
"NV",32,3,"1987",0,288,0,0,0,288,288
"NV",32,3,"1988",0,194,0,76,0,270,270
"NV",32,3,"1989",0,15,0,0,0,15,15
"NV",32,3,"1990",0,147,0,0,0,147,147
"NV",32,3,"1991",0,256,0,76,0,332,332
"NV",32,3,"1992",0,245,0,0,0,245,245
"NV",32,3,"1993",0,246,0,91,0,337,337
"NV",32,3,"1994",0,267,0,101,0,368,368
"NV",32,3,"1995",172,499,0,59,172,558,730
"NV",32,3,"1996",301,706,0,109,301,815,1116
"NV",32,3,"1997",396,1022,0,84,396,1106,1502
"NV",32,3,"1998",620,1354,0,92,620,1446,2066
"NV",32,3,"1999",820,1676,2,30,822,1706,2528
"NV",32,3,"2000",851,1608,5,51,856,1659,2515
"NV",32,3,"2001",858,2194,2,52,860,2246,3106
"NV",32,3,"2002",1069,2877,6,88,1075,2965,4040
"NV",32,3,"2003",1097,3610,1,124,1098,3734,4832
"NV",32,3,"2004",1218,4236,0,293,1218,4529,5747
"NV",32,3,"2005",1444,5254,0,269,1444,5523,6967
"NV",32,3,"2006",1384,4683,17,399,1401,5082,6483
"NV",32,3,"2007",1159,4480,27,485,1186,4965,6151
"NV",32,3,"2008",1160,4870,16,653,1176,5523,6699
"NV",32,3,"2009",886,4822,5,903,891,5725,6616
"NV",32,3,"2010",768,5365,20,886,788,6251,7039
"NV",32,3,"2011",781,5052,27,1145,808,6197,7005
"NV",32,3,"2012",604,4385,21,990,625,5375,6000
"NV",32,3,"2013",514,4334,125,798,639,5132,5771
"NV",32,3,"2014",403,3585,100,570,503,4155,4658
"NH",33,3,"1980",0,1909,0,511,0,2420,2420
"NH",33,3,"1984",0,2155,0,984,0,3139,3139
"NH",33,3,"1985",0,1861,0,890,0,2751,2751
"NH",33,3,"1986",0,1564,0,1120,0,2684,2684
"NH",33,3,"1987",0,1678,0,1293,0,2971,2971
"NH",33,3,"1988",0,754,0,354,0,1108,1108
"NH",33,3,"1989",0,789,0,370,0,1159,1159
"NH",33,3,"1990",0,1417,0,1578,0,2995,2995
"NH",33,3,"1991",0,1921,0,1345,0,3266,3266
"NH",33,3,"1992",0,2076,0,1225,0,3301,3301
"NH",33,3,"1993",0,2120,0,1362,0,3482,3482
"NH",33,3,"1994",0,2024,0,1351,0,3375,3375
"NH",33,3,"1995",0,2019,0,1304,0,3323,3323
"NH",33,3,"1996",0,2043,0,1399,0,3442,3442
"NH",33,3,"1997",0,2261,0,1471,0,3732,3732
"NH",33,3,"1998",0,2414,0,1858,0,4272,4272
"NH",33,3,"1999",0,2429,0,2141,0,4570,4570
"NH",33,3,"2000",0,2149,0,1716,0,3865,3865
"NH",33,3,"2001",0,2399,0,1356,0,3755,3755
"NH",33,3,"2002",0,2720,0,1198,0,3918,3918
"NH",33,3,"2003",93,2831,0,1277,93,4108,4201
"NH",33,3,"2004",78,2907,0,1362,78,4269,4347
"NH",33,3,"2005",101,2851,0,1451,101,4302,4403
"NH",33,3,"2006",104,2865,0,1756,104,4621,4725
"NH",33,3,"2007",114,2832,0,1280,114,4112,4226
"NH",33,3,"2008",122,2665,0,2020,122,4685,4807
"NH",33,3,"2009",91,3606,0,1693,91,5299,5390
"NH",33,3,"2010",55,3197,0,1644,55,4841,4896
"NH",33,3,"2011",19,1648,0,2543,19,4191,4210
"NH",33,3,"2012",117,2439,0,1152,117,3591,3708
"NH",33,3,"2013",128,2009,4,907,132,2916,3048
"NH",33,3,"2014",68,1448,16,711,84,2159,2243
"NJ",34,3,"1980",0,506,0,0,0,506,506
"NJ",34,3,"1984",0,569,0,146,0,715,715
"NJ",34,3,"1985",0,615,0,170,0,785,785
"NJ",34,3,"1986",0,551,0,179,0,730,730
"NJ",34,3,"1987",0,539,0,181,0,720,720
"NJ",34,3,"1988",0,595,0,136,0,731,731
"NJ",34,3,"1989",0,962,0,501,0,1463,1463
"NJ",34,3,"1990",0,912,0,532,0,1444,1444
"NJ",34,3,"1991",0,1035,0,549,0,1584,1584
"NJ",34,3,"1992",0,1007,0,587,0,1594,1594
"NJ",34,3,"1993",0,1151,0,432,0,1583,1583
"NJ",34,3,"1994",0,1065,0,393,0,1458,1458
"NJ",34,3,"1995",0,1221,0,351,0,1572,1572
"NJ",34,3,"1996",0,1327,0,325,0,1652,1652
"NJ",34,3,"1997",0,1678,0,469,0,2147,2147
"NJ",34,3,"1998",0,1757,0,400,0,2157,2157
"NJ",34,3,"1999",0,1706,0,380,0,2086,2086
"NJ",34,3,"2000",0,1727,0,396,0,2123,2123
"NJ",34,3,"2001",0,1868,0,370,0,2238,2238
"NJ",34,3,"2002",0,2003,0,388,0,2391,2391
"NJ",34,3,"2003",0,2061,0,419,0,2480,2480
"NJ",34,3,"2004",0,2337,0,528,0,2865,2865
"NJ",34,3,"2005",0,2589,0,566,0,3155,3155
"NJ",34,3,"2006",0,3096,0,604,0,3700,3700
"NJ",34,3,"2007",0,3336,0,573,0,3909,3909
"NJ",34,3,"2008",0,3600,0,632,0,4232,4232
"NJ",34,3,"2009",0,3828,0,719,0,4547,4547
"NJ",34,3,"2010",74,4136,65,1351,139,5487,5626
"NJ",34,3,"2011",72,3761,121,1296,193,5057,5250
"NJ",34,3,"2012",59,3259,153,1185,212,4444,4656
"NJ",34,3,"2013",126,4506,349,2096,475,6602,7077
"NJ",34,3,"2014",135,4479,305,1948,440,6427,6867
"NM",35,3,"1980",0,710,0,364,0,1074,1074
"NM",35,3,"1984",8,535,0,311,8,846,854
"NM",35,3,"1985",8,467,16,353,24,820,844
"NM",35,3,"1986",18,691,49,746,67,1437,1504
"NM",35,3,"1987",3,563,18,559,21,1122,1143
"NM",35,3,"1988",8,638,34,736,42,1374,1416
"NM",35,3,"1989",12,617,58,659,70,1276,1346
"NM",35,3,"1990",9,530,51,582,60,1112,1172
"NM",35,3,"1991",532,789,518,599,1050,1388,2438
"NM",35,3,"1992",560,1047,553,637,1113,1684,2797
"NM",35,3,"1993",397,2361,123,696,520,3057,3577
"NM",35,3,"1994",446,2142,85,751,531,2893,3424
"NM",35,3,"1995",555,2321,94,560,649,2881,3530
"NM",35,3,"1996",661,2602,125,600,786,3202,3988
"NM",35,3,"1997",764,2843,126,639,890,3482,4372
"NM",35,3,"1998",1103,3233,186,738,1289,3971,5260
"NM",35,3,"1999",1280,3639,163,917,1443,4556,5999
"NM",35,3,"2000",1160,3976,127,1012,1287,4988,6275
"NM",35,3,"2001",1158,4171,171,949,1329,5120,6449
"NM",35,3,"2002",1065,4477,165,1031,1230,5508,6738
"NM",35,3,"2003",1167,4820,247,1088,1414,5908,7322
"NM",35,3,"2004",1383,5552,199,1312,1582,6864,8446
"NM",35,3,"2005",1349,5587,206,1258,1555,6845,8400
"NM",35,3,"2006",1216,5226,4,757,1220,5983,7203
"NM",35,3,"2007",1054,4963,4,605,1058,5568,6626
"NM",35,3,"2008",913,5125,8,660,921,5785,6706
"NM",35,3,"2009",798,5285,34,790,832,6075,6907
"NM",35,3,"2010",674,6400,28,1058,702,7458,8160
"NM",35,3,"2011",641,6081,31,1098,672,7179,7851
"NM",35,3,"2012",531,5117,23,951,554,6068,6622
"NM",35,3,"2013",461,4526,18,893,479,5419,5898
"NM",35,3,"2014",309,3703,17,860,326,4563,4889
"NY",36,3,"1980",0,9177,0,4025,0,13202,13202
"NY",36,3,"1984",71,13287,2,5046,73,18333,18406
"NY",36,3,"1985",88,12636,0,4205,88,16841,16929
"NY",36,3,"1986",113,11618,4,5342,117,16960,17077
"NY",36,3,"1987",130,11711,0,4520,130,16231,16361
"NY",36,3,"1988",158,10887,5,4536,163,15423,15586
"NY",36,3,"1989",160,8777,4,3439,164,12216,12380
"NY",36,3,"1990",200,11922,4,3974,204,15896,16100
"NY",36,3,"1991",298,13004,9,4180,307,17184,17491
"NY",36,3,"1992",346,12395,12,3449,358,15844,16202
"NY",36,3,"1993",363,12562,21,3527,384,16089,16473
"NY",36,3,"1994",383,12417,16,3587,399,16004,16403
"NY",36,3,"1995",281,13270,28,3666,309,16936,17245
"NY",36,3,"1996",271,13439,15,3820,286,17259,17545
"NY",36,3,"1997",270,12964,22,3534,292,16498,16790
"NY",36,3,"1998",529,12226,188,4533,717,16759,17476
"NY",36,3,"1999",498,12655,284,4354,782,17009,17791
"NY",36,3,"2000",608,12966,319,3867,927,16833,17760
"NY",36,3,"2001",717,14820,229,4280,946,19100,20046
"NY",36,3,"2002",659,15733,262,3597,921,19330,20251
"NY",36,3,"2003",767,16376,231,2212,998,18588,19586
"NY",36,3,"2004",822,17286,210,2008,1032,19294,20326
"NY",36,3,"2005",833,18337,227,3235,1060,21572,22632
"NY",36,3,"2006",874,17759,271,3155,1145,20914,22059
"NY",36,3,"2007",895,18163,326,3524,1221,21687,22908
"NY",36,3,"2008",982,18577,321,3744,1303,22321,23624
"NY",36,3,"2009",1129,20654,372,3953,1501,24607,26108
"NY",36,3,"2010",1232,21613,375,4525,1607,26138,27745
"NY",36,3,"2011",1234,21183,326,4626,1560,25809,27369
"NY",36,3,"2012",1269,22822,489,5254,1758,28076,29834
"NY",36,3,"2013",1786,22527,1010,6244,2796,28771,31567
"NY",36,3,"2014",1877,22355,1042,6004,2919,28359,31278
"NC",37,3,"1980",0,216,0,52,0,268,268
"NC",37,3,"1984",0,122,0,70,0,192,192
"NC",37,3,"1985",0,170,0,53,0,223,223
"NC",37,3,"1986",0,532,0,221,0,753,753
"NC",37,3,"1987",0,453,0,218,0,671,671
"NC",37,3,"1988",0,484,0,194,0,678,678
"NC",37,3,"1989",0,127,0,51,0,178,178
"NC",37,3,"1990",0,302,0,41,0,343,343
"NC",37,3,"1991",0,247,0,3,0,250,250
"NC",37,3,"1992",0,231,0,14,0,245,245
"NC",37,3,"1993",0,400,0,197,0,597,597
"NC",37,3,"1994",0,534,0,113,0,647,647
"NC",37,3,"1995",0,536,0,99,0,635,635
"NC",37,3,"1996",0,352,0,88,0,440,440
"NC",37,3,"1997",0,551,0,99,0,650,650
"NC",37,3,"1998",0,636,0,177,0,813,813
"NC",37,3,"1999",0,672,0,208,0,880,880
"NC",37,3,"2000",0,783,0,260,0,1043,1043
"NC",37,3,"2001",0,845,0,364,0,1209,1209
"NC",37,3,"2002",0,1212,0,406,0,1618,1618
"NC",37,3,"2003",23,1295,0,362,23,1657,1680
"NC",37,3,"2004",241,1686,0,392,241,2078,2319
"NC",37,3,"2005",534,2367,0,555,534,2922,3456
"NC",37,3,"2006",729,2986,0,586,729,3572,4301
"NC",37,3,"2007",509,3161,0,650,509,3811,4320
"NC",37,3,"2008",453,3880,0,767,453,4647,5100
"NC",37,3,"2009",749,4512,103,1141,852,5653,6505
"NC",37,3,"2010",1443,6240,1970,4742,3413,10982,14395
"NC",37,3,"2011",1555,6399,1948,4749,3503,11148,14651
"NC",37,3,"2012",1588,5899,1908,4494,3496,10393,13889
"NC",37,3,"2013",1550,6633,2034,5145,3584,11778,15362
"NC",37,3,"2014",1320,6584,1954,5380,3274,11964,15238
"ND",38,3,"1980",0,0,0,0,0,0,0
"ND",38,3,"1984",0,0,0,0,0,0,0
"ND",38,3,"1985",0,0,0,0,0,0,0
"ND",38,3,"1986",0,0,0,0,0,0,0
"ND",38,3,"1987",0,0,0,0,0,0,0
"ND",38,3,"1988",0,0,0,0,0,0,0
"ND",38,3,"1989",0,0,0,0,0,0,0
"ND",38,3,"1990",0,0,0,0,0,0,0
"ND",38,3,"1991",0,0,0,0,0,0,0
"ND",38,3,"1992",0,0,0,0,0,0,0
"ND",38,3,"1993",0,52,0,3,0,55,55
"ND",38,3,"1994",0,54,0,0,0,54,54
"ND",38,3,"1995",0,126,0,0,0,126,126
"ND",38,3,"1996",0,24,0,0,0,24,24
"ND",38,3,"1997",0,13,0,2,0,15,15
"ND",38,3,"1998",0,17,0,0,0,17,17
"ND",38,3,"1999",0,210,0,3,0,213,213
"ND",38,3,"2000",0,111,0,0,0,111,111
"ND",38,3,"2001",0,38,0,0,0,38,38
"ND",38,3,"2002",0,80,0,11,0,91,91
"ND",38,3,"2003",0,284,0,108,0,392,392
"ND",38,3,"2004",0,415,0,307,0,722,722
"ND",38,3,"2005",0,342,0,234,0,576,576
"ND",38,3,"2006",0,281,0,362,0,643,643
"ND",38,3,"2007",0,378,0,376,0,754,754
"ND",38,3,"2008",0,423,0,531,0,954,954
"ND",38,3,"2009",0,753,0,1099,0,1852,1852
"ND",38,3,"2010",0,759,0,1006,0,1765,1765
"ND",38,3,"2011",0,515,0,734,0,1249,1249
"ND",38,3,"2012",0,362,0,638,0,1000,1000
"ND",38,3,"2013",0,526,0,438,0,964,964
"ND",38,3,"2014",0,426,0,367,0,793,793
"OH",39,3,"1980",0,694,0,36,0,730,730
"OH",39,3,"1984",0,2407,0,6,0,2413,2413
"OH",39,3,"1985",0,2306,0,107,0,2413,2413
"OH",39,3,"1986",0,3773,0,207,0,3980,3980
"OH",39,3,"1987",0,3718,0,265,0,3983,3983
"OH",39,3,"1988",0,3936,0,304,0,4240,4240
"OH",39,3,"1989",0,2969,0,212,0,3181,3181
"OH",39,3,"1990",0,3192,0,176,0,3368,3368
"OH",39,3,"1991",0,3492,0,288,0,3780,3780
"OH",39,3,"1992",0,4733,0,843,0,5576,5576
"OH",39,3,"1993",0,3540,0,820,0,4360,4360
"OH",39,3,"1994",0,3454,0,739,0,4193,4193
"OH",39,3,"1995",0,3073,0,606,0,3679,3679
"OH",39,3,"1996",0,2802,0,696,0,3498,3498
"OH",39,3,"1997",0,3205,0,506,0,3711,3711
"OH",39,3,"1998",0,3822,0,366,0,4188,4188
"OH",39,3,"1999",0,3818,0,376,0,4194,4194
"OH",39,3,"2000",26,4141,0,361,26,4502,4528
"OH",39,3,"2001",139,5275,0,263,139,5538,5677
"OH",39,3,"2002",260,5830,0,468,260,6298,6558
"OH",39,3,"2003",231,6585,0,724,231,7309,7540
"OH",39,3,"2004",210,6748,0,821,210,7569,7779
"OH",39,3,"2005",209,8002,0,1020,209,9022,9231
"OH",39,3,"2006",202,9033,0,1301,202,10334,10536
"OH",39,3,"2007",139,10132,0,2054,139,12186,12325
"OH",39,3,"2008",124,12111,0,2390,124,14501,14625
"OH",39,3,"2009",80,14612,0,3031,80,17643,17723
"OH",39,3,"2010",64,14716,0,3776,64,18492,18556
"OH",39,3,"2011",87,14526,0,3747,87,18273,18360
"OH",39,3,"2012",55,12901,2,3933,57,16834,16891
"OH",39,3,"2013",219,13237,605,5021,824,18258,19082
"OH",39,3,"2014",209,11530,489,4667,698,16197,16895
"OK",40,3,"1980",0,1766,0,0,0,1766,1766
"OK",40,3,"1984",0,1092,0,583,0,1675,1675
"OK",40,3,"1985",0,1092,0,583,0,1675,1675
"OK",40,3,"1986",0,1517,0,652,0,2169,2169
"OK",40,3,"1987",0,2167,0,215,0,2382,2382
"OK",40,3,"1988",0,2123,0,170,0,2293,2293
"OK",40,3,"1989",0,2123,0,170,0,2293,2293
"OK",40,3,"1990",0,2123,0,170,0,2293,2293
"OK",40,3,"1991",0,1398,0,182,0,1580,1580
"OK",40,3,"1992",0,1590,0,142,0,1732,1732
"OK",40,3,"1993",0,1117,0,64,0,1181,1181
"OK",40,3,"1994",0,1490,0,0,0,1490,1490
"OK",40,3,"1995",0,1319,0,0,0,1319,1319
"OK",40,3,"1996",0,1292,0,0,0,1292,1292
"OK",40,3,"1997",0,1513,0,0,0,1513,1513
"OK",40,3,"1998",0,1899,0,0,0,1899,1899
"OK",40,3,"1999",174,2642,0,0,174,2642,2816
"OK",40,3,"2000",277,3239,0,0,277,3239,3516
"OK",40,3,"2001",297,2956,0,0,297,2956,3253
"OK",40,3,"2002",398,3416,0,0,398,3416,3814
"OK",40,3,"2003",390,3239,0,0,390,3239,3629
"OK",40,3,"2004",420,3582,0,0,420,3582,4002
"OK",40,3,"2005",363,3722,0,0,363,3722,4085
"OK",40,3,"2006",309,3762,0,29,309,3791,4100
"OK",40,3,"2007",238,3944,0,67,238,4011,4249
"OK",40,3,"2008",177,4028,0,112,177,4140,4317
"OK",40,3,"2009",143,4517,0,209,143,4726,4869
"OK",40,3,"2010",149,5010,0,285,149,5295,5444
"OK",40,3,"2011",103,4575,0,409,103,4984,5087
"OK",40,3,"2012",101,4346,0,537,101,4883,4984
"OK",40,3,"2013",88,3972,40,653,128,4625,4753
"OK",40,3,"2014",62,3287,37,536,99,3823,3922
"OR",41,3,"1980",0,164,0,0,0,164,164
"OR",41,3,"1984",0,1074,0,0,0,1074,1074
"OR",41,3,"1985",0,976,0,0,0,976,976
"OR",41,3,"1986",0,772,0,0,0,772,772
"OR",41,3,"1987",0,914,0,0,0,914,914
"OR",41,3,"1988",0,868,0,0,0,868,868
"OR",41,3,"1989",0,711,0,0,0,711,711
"OR",41,3,"1990",0,705,0,22,0,727,727
"OR",41,3,"1991",0,777,0,17,0,794,794
"OR",41,3,"1992",0,748,0,0,0,748,748
"OR",41,3,"1993",0,912,0,0,0,912,912
"OR",41,3,"1994",0,922,0,0,0,922,922
"OR",41,3,"1995",0,765,0,0,0,765,765
"OR",41,3,"1996",0,768,0,16,0,784,784
"OR",41,3,"1997",0,838,0,85,0,923,923
"OR",41,3,"1998",127,1362,0,72,127,1434,1561
"OR",41,3,"1999",221,1915,0,83,221,1998,2219
"OR",41,3,"2000",247,2190,0,133,247,2323,2570
"OR",41,3,"2001",255,2611,0,189,255,2800,3055
"OR",41,3,"2002",301,3081,0,288,301,3369,3670
"OR",41,3,"2003",298,3581,0,401,298,3982,4280
"OR",41,3,"2004",373,4357,0,505,373,4862,5235
"OR",41,3,"2005",367,4410,0,601,367,5011,5378
"OR",41,3,"2006",355,4090,0,662,355,4752,5107
"OR",41,3,"2007",258,3933,0,840,258,4773,5031
"OR",41,3,"2008",237,3419,0,1414,237,4833,5070
"OR",41,3,"2009",202,3785,0,1591,202,5376,5578
"OR",41,3,"2010",173,4550,0,1542,173,6092,6265
"OR",41,3,"2011",125,3769,0,1471,125,5240,5365
"OR",41,3,"2012",75,3389,56,1659,131,5048,5179
"OR",41,3,"2013",82,2972,128,1347,210,4319,4529
"OR",41,3,"2014",55,2676,202,1426,257,4102,4359
"PA",42,3,"1980",0,2954,0,73,0,3027,3027
"PA",42,3,"1984",0,4120,0,57,0,4177,4177
"PA",42,3,"1985",0,4035,0,72,0,4107,4107
"PA",42,3,"1986",0,4252,0,92,0,4344,4344
"PA",42,3,"1987",0,4032,0,262,0,4294,4294
"PA",42,3,"1988",0,4223,0,100,0,4323,4323
"PA",42,3,"1989",0,4232,0,172,0,4404,4404
"PA",42,3,"1990",0,4897,0,294,0,5191,5191
"PA",42,3,"1991",0,4625,0,500,0,5125,5125
"PA",42,3,"1992",0,4819,0,341,0,5160,5160
"PA",42,3,"1993",0,4873,0,368,0,5241,5241
"PA",42,3,"1994",0,4403,0,240,0,4643,4643
"PA",42,3,"1995",0,4631,0,457,0,5088,5088
"PA",42,3,"1996",0,4723,0,688,0,5411,5411
"PA",42,3,"1997",0,5219,0,920,0,6139,6139
"PA",42,3,"1998",0,6047,0,721,0,6768,6768
"PA",42,3,"1999",0,5480,0,1509,0,6989,6989
"PA",42,3,"2000",0,5527,0,1151,0,6678,6678
"PA",42,3,"2001",0,6026,0,1220,0,7246,7246
"PA",42,3,"2002",0,5662,0,1901,0,7563,7563
"PA",42,3,"2003",0,6020,0,2588,0,8608,8608
"PA",42,3,"2004",0,6615,0,3522,0,10137,10137
"PA",42,3,"2005",0,7505,0,4567,0,12072,12072
"PA",42,3,"2006",0,6834,0,6883,0,13717,13717
"PA",42,3,"2007",0,7407,0,9539,0,16946,16946
"PA",42,3,"2008",0,7198,0,8874,0,16072,16072
"PA",42,3,"2009",0,7083,0,14680,0,21763,21763
"PA",42,3,"2010",203,7060,612,18754,815,25814,26629
"PA",42,3,"2011",196,6218,632,13977,828,20195,21023
"PA",42,3,"2012",158,5466,626,14150,784,19616,20400
"PA",42,3,"2013",201,5251,865,14709,1066,19960,21026
"PA",42,3,"2014",189,7401,730,10422,919,17823,18742
"SC",45,3,"1980",0,502,0,436,0,938,938
"SC",45,3,"1984",110,4145,386,161,496,4306,4802
"SC",45,3,"1985",93,3979,369,140,462,4119,4581
"SC",45,3,"1986",97,3424,401,115,498,3539,4037
"SC",45,3,"1987",100,3983,415,151,515,4134,4649
"SC",45,3,"1988",75,4204,388,144,463,4348,4811
"SC",45,3,"1989",76,4217,389,143,465,4360,4825
"SC",45,3,"1990",78,4101,326,203,404,4304,4708
"SC",45,3,"1991",52,3842,394,147,446,3989,4435
"SC",45,3,"1992",55,3789,333,182,388,3971,4359
"SC",45,3,"1993",59,3680,350,224,409,3904,4313
"SC",45,3,"1994",70,3574,370,223,440,3797,4237
"SC",45,3,"1995",180,3838,119,306,299,4144,4443
"SC",45,3,"1996",189,3487,82,297,271,3784,4055
"SC",45,3,"1997",0,459,0,15,0,474,474
"SC",45,3,"1998",218,3748,113,327,331,4075,4406
"SC",45,3,"1999",37,3746,15,339,52,4085,4137
"SC",45,3,"2000",245,3570,158,107,403,3677,4080
"SC",45,3,"2001",276,3805,343,199,619,4004,4623
"SC",45,3,"2002",285,3908,352,180,637,4088,4725
"SC",45,3,"2003",241,3874,321,376,562,4250,4812
"SC",45,3,"2004",327,4051,257,361,584,4412,4996
"SC",45,3,"2005",413,4129,313,331,726,4460,5186
"SC",45,3,"2006",561,4420,263,285,824,4705,5529
"SC",45,3,"2007",622,4919,311,490,933,5409,6342
"SC",45,3,"2008",997,5494,476,608,1473,6102,7575
"SC",45,3,"2009",1012,6447,461,728,1473,7175,8648
"SC",45,3,"2010",1409,8715,1176,3064,2585,11779,14364
"SC",45,3,"2011",1382,8660,1353,2571,2735,11231,13966
"SC",45,3,"2012",1128,7833,1415,2502,2543,10335,12878
"SC",45,3,"2013",957,7626,1392,2542,2349,10168,12517
"SC",45,3,"2014",847,6569,1265,2555,2112,9124,11236
"SD",46,3,"1980",0,2438,0,72,0,2510,2510
"SD",46,3,"1984",0,2142,0,570,0,2712,2712
"SD",46,3,"1985",0,2595,0,740,0,3335,3335
"SD",46,3,"1986",0,1244,0,430,0,1674,1674
"SD",46,3,"1987",0,1260,0,348,0,1608,1608
"SD",46,3,"1988",0,973,0,300,0,1273,1273
"SD",46,3,"1989",0,888,0,274,0,1162,1162
"SD",46,3,"1990",0,707,0,293,0,1000,1000
"SD",46,3,"1991",0,503,0,202,0,705,705
"SD",46,3,"1992",0,490,0,225,0,715,715
"SD",46,3,"1993",0,662,0,387,0,1049,1049
"SD",46,3,"1994",0,639,0,525,0,1164,1164
"SD",46,3,"1995",0,663,0,662,0,1325,1325
"SD",46,3,"1996",0,739,0,564,0,1303,1303
"SD",46,3,"1997",0,647,0,355,0,1002,1002
"SD",46,3,"1998",72,878,0,646,72,1524,1596
"SD",46,3,"1999",95,994,0,871,95,1865,1960
"SD",46,3,"2000",67,1054,0,985,67,2039,2106
"SD",46,3,"2001",86,1058,18,1042,104,2100,2204
"SD",46,3,"2002",103,1105,39,1702,142,2807,2949
"SD",46,3,"2003",52,1296,133,1772,185,3068,3253
"SD",46,3,"2004",149,1495,25,1562,174,3057,3231
"SD",46,3,"2005",150,1332,53,1794,203,3126,3329
"SD",46,3,"2006",153,1137,70,1755,223,2892,3115
"SD",46,3,"2007",166,1130,87,1745,253,2875,3128
"SD",46,3,"2008",178,1033,142,1903,320,2936,3256
"SD",46,3,"2009",167,1304,231,2550,398,3854,4252
"SD",46,3,"2010",153,1445,330,2819,483,4264,4747
"SD",46,3,"2011",177,1080,318,3188,495,4268,4763
"SD",46,3,"2012",178,827,300,3295,478,4122,4600
"SD",46,3,"2013",136,593,278,2697,414,3290,3704
"SD",46,3,"2014",0,454,11,2227,11,2681,2692
"TN",47,3,"1980",0,1026,0,112,0,1138,1138
"TN",47,3,"1984",0,942,0,251,0,1193,1193
"TN",47,3,"1985",0,909,0,216,0,1125,1125
"TN",47,3,"1986",0,1532,0,252,0,1784,1784
"TN",47,3,"1987",0,1388,0,244,0,1632,1632
"TN",47,3,"1988",0,1358,0,330,0,1688,1688
"TN",47,3,"1989",0,1794,0,318,0,2112,2112
"TN",47,3,"1990",0,1380,0,378,0,1758,1758
"TN",47,3,"1991",0,2250,0,288,0,2538,2538
"TN",47,3,"1992",0,2111,0,454,0,2565,2565
"TN",47,3,"1993",0,1813,0,500,0,2313,2313
"TN",47,3,"1994",0,1842,0,514,0,2356,2356
"TN",47,3,"1995",0,1883,0,614,0,2497,2497
"TN",47,3,"1996",1,2295,1,565,2,2860,2862
"TN",47,3,"1997",44,2558,0,752,44,3310,3354
"TN",47,3,"1998",0,2895,0,566,0,3461,3461
"TN",47,3,"1999",0,2748,0,610,0,3358,3358
"TN",47,3,"2000",0,2648,0,443,0,3091,3091
"TN",47,3,"2001",0,3330,0,627,0,3957,3957
"TN",47,3,"2002",25,3426,0,824,25,4250,4275
"TN",47,3,"2003",259,4383,0,1940,259,6323,6582
"TN",47,3,"2004",589,5338,0,1862,589,7200,7789
"TN",47,3,"2005",623,5626,12,1920,635,7546,8181
"TN",47,3,"2006",599,6013,0,2093,599,8106,8705
"TN",47,3,"2007",818,6642,112,1486,930,8128,9058
"TN",47,3,"2008",979,7379,111,1851,1090,9230,10320
"TN",47,3,"2009",762,8870,136,1627,898,10497,11395
"TN",47,3,"2010",916,10504,894,3974,1810,14478,16288
"TN",47,3,"2011",575,9866,1171,3569,1746,13435,15181
"TN",47,3,"2012",639,9849,1117,3375,1756,13224,14980
"TN",47,3,"2013",858,9214,1145,3427,2003,12641,14644
"TN",47,3,"2014",975,6786,971,2214,1946,9000,10946
"TX",48,3,"1980",0,168,0,0,0,168,168
"TX",48,3,"1984",0,597,0,55,0,652,652
"TX",48,3,"1985",0,1590,0,88,0,1678,1678
"TX",48,3,"1986",0,2461,0,210,0,2671,2671
"TX",48,3,"1987",0,2539,0,162,0,2701,2701
"TX",48,3,"1988",0,2796,0,173,0,2969,2969
"TX",48,3,"1989",0,2985,0,199,0,3184,3184
"TX",48,3,"1990",0,3425,0,276,0,3701,3701
"TX",48,3,"1991",0,3719,0,276,0,3995,3995
"TX",48,3,"1992",97,5075,73,427,170,5502,5672
"TX",48,3,"1993",76,4813,51,125,127,4938,5065
"TX",48,3,"1994",0,5088,0,185,0,5273,5273
"TX",48,3,"1995",71,4909,64,398,135,5307,5442
"TX",48,3,"1996",0,5079,0,506,0,5585,5585
"TX",48,3,"1997",250,4789,0,1080,250,5869,6119
"TX",48,3,"1998",182,6253,66,522,248,6775,7023
"TX",48,3,"1999",245,6774,70,645,315,7419,7734
"TX",48,3,"2000",266,6008,82,464,348,6472,6820
"TX",48,3,"2001",676,7605,39,1004,715,8609,9324
"TX",48,3,"2002",1347,9421,119,1228,1466,10649,12115
"TX",48,3,"2003",1570,10541,203,1754,1773,12295,14068
"TX",48,3,"2004",2128,12891,181,1917,2309,14808,17117
"TX",48,3,"2005",2356,13792,256,1516,2612,15308,17920
"TX",48,3,"2006",2389,13234,249,1265,2638,14499,17137
"TX",48,3,"2007",1849,12775,327,1706,2176,14481,16657
"TX",48,3,"2008",1705,12746,305,2317,2010,15063,17073
"TX",48,3,"2009",1605,15774,315,2872,1920,18646,20566
"TX",48,3,"2010",1788,18430,280,3887,2068,22317,24385
"TX",48,3,"2011",1381,19347,607,4762,1988,24109,26097
"TX",48,3,"2012",1296,17997,640,5263,1936,23260,25196
"TX",48,3,"2013",1425,19783,1358,6515,2783,26298,29081
"TX",48,3,"2014",1609,19479,1590,6733,3199,26212,29411
"UT",49,3,"1980",0,0,0,0,0,0,0
"UT",49,3,"1984",0,0,0,0,0,0,0
"UT",49,3,"1985",0,0,0,0,0,0,0
"UT",49,3,"1986",0,17,0,0,0,17,17
"UT",49,3,"1987",0,123,0,0,0,123,123
"UT",49,3,"1988",0,17,0,0,0,17,17
"UT",49,3,"1989",0,65,0,10,0,75,75
"UT",49,3,"1990",0,1016,0,63,0,1079,1079
"UT",49,3,"1991",0,1228,0,72,0,1300,1300
"UT",49,3,"1992",0,1378,0,209,0,1587,1587
"UT",49,3,"1993",923,2824,0,290,923,3114,4037
"UT",49,3,"1994",1227,2075,0,134,1227,2209,3436
"UT",49,3,"1995",751,2039,0,216,751,2255,3006
"UT",49,3,"1996",825,2071,0,698,825,2769,3594
"UT",49,3,"1997",938,2160,0,129,938,2289,3227
"UT",49,3,"1998",936,2498,0,136,936,2634,3570
"UT",49,3,"1999",996,2659,0,192,996,2851,3847
"UT",49,3,"2000",1055,1935,0,324,1055,2259,3314
"UT",49,3,"2001",1092,3123,0,1009,1092,4132,5224
"UT",49,3,"2002",1190,3447,0,716,1190,4163,5353
"UT",49,3,"2003",1224,3477,0,1205,1224,4682,5906
"UT",49,3,"2004",1412,4259,0,1146,1412,5405,6817
"UT",49,3,"2005",1472,4055,0,1239,1472,5294,6766
"UT",49,3,"2006",1436,4364,10,1242,1446,5606,7052
"UT",49,3,"2007",1423,4461,30,1049,1453,5510,6963
"UT",49,3,"2008",1399,4123,12,951,1411,5074,6485
"UT",49,3,"2009",1282,4350,53,1725,1335,6075,7410
"UT",49,3,"2010",1303,4600,35,2370,1338,6970,8308
"UT",49,3,"2011",1057,4539,111,1854,1168,6393,7561
"UT",49,3,"2012",1303,4725,112,1391,1415,6116,7531
"UT",49,3,"2013",1156,4800,152,921,1308,5721,7029
"UT",49,3,"2014",1108,3810,96,774,1204,4584,5788
"VT",50,3,"1980",0,0,0,0,0,0,0
"VT",50,3,"1984",0,0,0,0,0,0,0
"VT",50,3,"1985",0,0,0,0,0,0,0
"VT",50,3,"1986",0,164,0,0,0,164,164
"VT",50,3,"1987",0,179,0,0,0,179,179
"VT",50,3,"1988",0,204,0,0,0,204,204
"VT",50,3,"1989",0,270,0,0,0,270,270
"VT",50,3,"1990",0,330,0,0,0,330,330
"VT",50,3,"1991",0,174,0,0,0,174,174
"VT",50,3,"1992",0,191,0,0,0,191,191
"VT",50,3,"1993",0,207,0,0,0,207,207
"VT",50,3,"1994",0,216,0,0,0,216,216
"VT",50,3,"1995",0,263,0,0,0,263,263
"VT",50,3,"1996",0,513,0,0,0,513,513
"VT",50,3,"1997",0,333,0,0,0,333,333
"VT",50,3,"1998",0,358,0,0,0,358,358
"VT",50,3,"1999",0,336,0,0,0,336,336
"VT",50,3,"2000",0,177,0,0,0,177,177
"VT",50,3,"2001",0,359,0,0,0,359,359
"VT",50,3,"2002",0,295,0,0,0,295,295
"VT",50,3,"2003",0,156,0,0,0,156,156
"VT",50,3,"2004",0,199,0,0,0,199,199
"VT",50,3,"2005",0,262,0,0,0,262,262
"VT",50,3,"2006",0,311,0,0,0,311,311
"VT",50,3,"2007",0,456,0,0,0,456,456
"VT",50,3,"2008",0,516,0,0,0,516,516
"VT",50,3,"2009",0,633,0,0,0,633,633
"VT",50,3,"2010",0,615,0,0,0,615,615
"VT",50,3,"2011",0,419,0,138,0,557,557
"VT",50,3,"2012",0,361,0,156,0,517,517
"VT",50,3,"2013",0,347,0,115,0,462,462
"VT",50,3,"2014",0,338,0,84,0,422,422
"VA",51,3,"1980",0,691,0,44,0,735,735
"VA",51,3,"1984",0,1042,0,154,0,1196,1196
"VA",51,3,"1985",0,1040,0,146,0,1186,1186
"VA",51,3,"1986",0,1684,0,287,0,1971,1971
"VA",51,3,"1987",0,709,0,192,0,901,901
"VA",51,3,"1988",0,1595,0,378,0,1973,1973
"VA",51,3,"1989",0,1614,0,114,0,1728,1728
"VA",51,3,"1990",0,2658,0,632,0,3290,3290
"VA",51,3,"1991",314,3502,242,1862,556,5364,5920
"VA",51,3,"1992",0,2580,0,542,0,3122,3122
"VA",51,3,"1993",0,2704,0,661,0,3365,3365
"VA",51,3,"1994",318,5136,398,3288,716,8424,9140
"VA",51,3,"1995",430,4895,440,4090,870,8985,9855
"VA",51,3,"1996",478,4465,485,4715,963,9180,10143
"VA",51,3,"1997",254,4066,141,1875,395,5941,6336
"VA",51,3,"1998",273,4189,149,1981,422,6170,6592
"VA",51,3,"1999",340,4333,211,2390,551,6723,7274
"VA",51,3,"2000",343,6461,306,2602,649,9063,9712
"VA",51,3,"2001",314,6908,119,1128,433,8036,8469
"VA",51,3,"2002",462,6684,121,1514,583,8198,8781
"VA",51,3,"2003",645,8124,217,1452,862,9576,10438
"VA",51,3,"2004",1032,11511,171,3005,1203,14516,15719
"VA",51,3,"2005",1143,13970,244,2989,1387,16959,18346
"VA",51,3,"2006",1080,15129,293,3992,1373,19121,20494
"VA",51,3,"2007",1135,16826,404,4605,1539,21431,22970
"VA",51,3,"2008",1541,18538,728,4535,2269,23073,25342
"VA",51,3,"2009",1576,26145,380,4812,1956,30957,32913
"VA",51,3,"2010",2839,26330,2633,14772,5472,41102,46574
"VA",51,3,"2011",2738,25757,3129,13267,5867,39024,44891
"VA",51,3,"2012",2294,23103,2991,11720,5285,34823,40108
"VA",51,3,"2013",2022,22624,3359,11024,5381,33648,39029
"VA",51,3,"2014",2388,21256,2755,9947,5143,31203,36346
"WA",53,3,"1980",0,0,0,0,0,0,0
"WA",53,3,"1984",0,590,0,12,0,602,602
"WA",53,3,"1985",0,1096,0,70,0,1166,1166
"WA",53,3,"1986",0,1441,0,48,0,1489,1489
"WA",53,3,"1987",0,1679,0,59,0,1738,1738
"WA",53,3,"1988",0,1868,0,75,0,1943,1943
"WA",53,3,"1989",0,2132,0,77,0,2209,2209
"WA",53,3,"1990",0,2151,0,0,0,2151,2151
"WA",53,3,"1991",0,2042,0,60,0,2102,2102
"WA",53,3,"1992",64,2214,3,95,67,2309,2376
"WA",53,3,"1993",0,2654,0,147,0,2801,2801
"WA",53,3,"1994",0,2487,0,292,0,2779,2779
"WA",53,3,"1995",0,2477,0,291,0,2768,2768
"WA",53,3,"1996",0,2655,0,341,0,2996,2996
"WA",53,3,"1997",0,3351,0,423,0,3774,3774
"WA",53,3,"1998",156,3833,0,458,156,4291,4447
"WA",53,3,"1999",242,4437,0,369,242,4806,5048
"WA",53,3,"2000",246,4298,29,412,275,4710,4985
"WA",53,3,"2001",458,4345,43,456,501,4801,5302
"WA",53,3,"2002",623,4617,69,607,692,5224,5916
"WA",53,3,"2003",598,4921,76,940,674,5861,6535
"WA",53,3,"2004",803,5043,52,1145,855,6188,7043
"WA",53,3,"2005",812,5506,129,1209,941,6715,7656
"WA",53,3,"2006",685,5170,109,1295,794,6465,7259
"WA",53,3,"2007",538,4734,145,1212,683,5946,6629
"WA",53,3,"2008",531,4426,137,1253,668,5679,6347
"WA",53,3,"2009",474,4566,127,1473,601,6039,6640
"WA",53,3,"2010",533,5096,126,1323,659,6419,7078
"WA",53,3,"2011",241,4424,377,1243,618,5667,6285
"WA",53,3,"2012",244,4042,270,1110,514,5152,5666
"WA",53,3,"2013",256,3824,395,1318,651,5142,5793
"WA",53,3,"2014",208,3726,291,1098,499,4824,5323
"WV",54,3,"1980",0,820,0,50,0,870,870
"WV",54,3,"1984",7,694,98,34,105,728,833
"WV",54,3,"1985",10,624,294,45,304,669,973
"WV",54,3,"1986",85,519,0,0,85,519,604
"WV",54,3,"1987",3,496,84,22,87,518,605
"WV",54,3,"1988",2,511,37,14,39,525,564
"WV",54,3,"1989",3,369,8,27,11,396,407
"WV",54,3,"1990",0,515,1,7,1,522,523
"WV",54,3,"1991",0,559,24,13,24,572,596
"WV",54,3,"1992",4,660,47,4,51,664,715
"WV",54,3,"1993",9,711,11,45,20,756,776
"WV",54,3,"1994",2,711,71,27,73,738,811
"WV",54,3,"1995",6,768,62,19,68,787,855
"WV",54,3,"1996",18,737,93,19,111,756,867
"WV",54,3,"1997",7,720,73,10,80,730,810
"WV",54,3,"1998",10,725,24,38,34,763,797
"WV",54,3,"1999",6,647,22,12,28,659,687
"WV",54,3,"2000",12,550,32,7,44,557,601
"WV",54,3,"2001",29,446,56,10,85,456,541
"WV",54,3,"2002",15,358,110,83,125,441,566
"WV",54,3,"2003",28,336,113,180,141,516,657
"WV",54,3,"2004",65,424,167,104,232,528,760
"WV",54,3,"2005",113,386,226,103,339,489,828
"WV",54,3,"2006",124,388,242,32,366,420,786
"WV",54,3,"2007",572,1284,3567,9886,4139,11170,15309
"WV",54,3,"2008",968,2289,4346,14700,5314,16989,22303
"WV",54,3,"2009",1040,5137,6938,18967,7978,24104,32082
"WV",54,3,"2010",1221,3849,8643,26715,9864,30564,40428
"WV",54,3,"2011",932,3815,10216,36947,11148,40762,51910
"WV",54,3,"2012",833,3930,11771,42651,12604,46581,59185
"WV",54,3,"2013",687,3729,10981,40853,11668,44582,56250
"WV",54,3,"2014",612,3491,10099,44064,10711,47555,58266
"WI",55,3,"1980",0,336,0,62,0,398,398
"WI",55,3,"1984",0,913,0,80,0,993,993
"WI",55,3,"1985",0,926,0,121,0,1047,1047
"WI",55,3,"1986",0,590,0,218,0,808,808
"WI",55,3,"1987",0,777,0,360,0,1137,1137
"WI",55,3,"1988",0,558,0,226,0,784,784
"WI",55,3,"1989",0,648,0,191,0,839,839
"WI",55,3,"1990",0,689,0,189,0,878,878
"WI",55,3,"1991",0,1015,0,245,0,1260,1260
"WI",55,3,"1992",0,1270,0,268,0,1538,1538
"WI",55,3,"1993",0,1379,0,306,0,1685,1685
"WI",55,3,"1994",0,1516,0,285,0,1801,1801
"WI",55,3,"1995",0,1316,0,440,0,1756,1756
"WI",55,3,"1996",0,1392,0,445,0,1837,1837
"WI",55,3,"1997",0,1161,0,475,0,1636,1636
"WI",55,3,"1998",0,1154,141,280,141,1434,1575
"WI",55,3,"1999",173,1166,32,161,205,1327,1532
"WI",55,3,"2000",200,1226,24,125,224,1351,1575
"WI",55,3,"2001",89,1469,31,209,120,1678,1798
"WI",55,3,"2002",218,3038,36,312,254,3350,3604
"WI",55,3,"2003",345,2572,43,607,388,3179,3567
"WI",55,3,"2004",403,3151,29,806,432,3957,4389
"WI",55,3,"2005",380,3574,31,1062,411,4636,5047
"WI",55,3,"2006",360,3857,15,1449,375,5306,5681
"WI",55,3,"2007",258,3991,7,1893,265,5884,6149
"WI",55,3,"2008",191,4218,4,2788,195,7006,7201
"WI",55,3,"2009",167,5780,71,4558,238,10338,10576
"WI",55,3,"2010",277,7724,31,6567,308,14291,14599
"WI",55,3,"2011",157,6888,165,6219,322,13107,13429
"WI",55,3,"2012",110,6042,176,5467,286,11509,11795
"WI",55,3,"2013",180,6606,283,4383,463,10989,11452
"WI",55,3,"2014",189,5323,278,4307,467,9630,10097
"PR",72,3,"1980",0,844,0,45,0,889,889
"PR",72,3,"1984",0,912,0,0,0,912,912
"PR",72,3,"1985",0,886,0,0,0,886,886
"PR",72,3,"1986",0,617,0,0,0,617,617
"PR",72,3,"1987",0,807,0,0,0,807,807
"PR",72,3,"1988",0,740,0,0,0,740,740
"PR",72,3,"1989",0,776,0,225,0,1001,1001
"PR",72,3,"1990",0,767,0,189,0,956,956
"PR",72,3,"1991",235,2158,214,555,449,2713,3162
"PR",72,3,"1992",0,2081,623,508,623,2589,3212
"PR",72,3,"1993",0,2461,791,771,791,3232,4023
"PR",72,3,"1994",944,3439,944,667,1888,4106,5994
"PR",72,3,"1995",606,4067,0,703,606,4770,5376
"PR",72,3,"1996",1002,3868,0,665,1002,4533,5535
"PR",72,3,"1997",1158,4169,0,760,1158,4929,6087
"PR",72,3,"1998",1284,4738,0,723,1284,5461,6745
"PR",72,3,"1999",1115,4433,0,1026,1115,5459,6574
"PR",72,3,"2000",1477,4105,0,1389,1477,5494,6971
"PR",72,3,"2001",1616,5719,0,1020,1616,6739,8355
"PR",72,3,"2002",1688,6006,15,1289,1703,7295,8998
"PR",72,3,"2003",1513,6636,18,1311,1531,7947,9478
"PR",72,3,"2004",1726,6334,0,1373,1726,7707,9433
"PR",72,3,"2005",1888,7283,44,1237,1932,8520,10452
"PR",72,3,"2006",1776,7273,72,1259,1848,8532,10380
"PR",72,3,"2007",1808,7560,22,1690,1830,9250,11080
"PR",72,3,"2008",1831,8443,21,1853,1852,10296,12148
"PR",72,3,"2009",1590,8844,28,2635,1618,11479,13097
"PR",72,3,"2010",1383,9378,25,3757,1408,13135,14543
"PR",72,3,"2011",1009,9697,88,3427,1097,13124,14221
"PR",72,3,"2012",687,9407,91,4391,778,13798,14576
"PR",72,3,"2013",724,10695,113,4752,837,15447,16284
"PR",72,3,"2014",500,9720,385,5659,885,15379,16264
"AL",1,4,"1980",0,23256,0,13981,0,37237,37237
"AL",1,4,"1984",0,25328,0,16945,0,42273,42273
"AL",1,4,"1985",0,25558,0,18418,0,43976,43976
"AL",1,4,"1986",0,27064,0,17370,0,44434,44434
"AL",1,4,"1987",0,28005,0,19921,0,47926,47926
"AL",1,4,"1988",0,28170,0,23020,0,51190,51190
"AL",1,4,"1989",0,34994,0,23725,0,58719,58719
"AL",1,4,"1990",0,36664,0,26784,0,63448,63448
"AL",1,4,"1991",0,36071,0,28802,0,64873,64873
"AL",1,4,"1992",0,37991,0,30924,0,68915,68915
"AL",1,4,"1993",0,39759,0,33712,0,73471,73471
"AL",1,4,"1994",0,39256,0,32411,0,71667,71667
"AL",1,4,"1995",0,39275,0,29903,0,69178,69178
"AL",1,4,"1996",0,39347,0,28537,0,67884,67884
"AL",1,4,"1997",0,39335,0,26816,0,66151,66151
"AL",1,4,"1998",0,33974,0,29745,0,63719,63719
"AL",1,4,"1999",0,33112,0,31517,0,64629,64629
"AL",1,4,"2000",0,36091,0,31119,0,67210,67210
"AL",1,4,"2001",0,40146,0,32958,0,73104,73104
"AL",1,4,"2002",0,42548,0,33180,0,75728,75728
"AL",1,4,"2003",0,43484,0,35743,0,79227,79227
"AL",1,4,"2004",0,43105,0,34888,0,77993,77993
"AL",1,4,"2005",0,42628,0,36687,0,79315,79315
"AL",1,4,"2006",0,41458,0,36004,0,77462,77462
"AL",1,4,"2007",0,42082,0,37656,0,79738,79738
"AL",1,4,"2008",0,44546,0,39489,0,84035,84035
"AL",1,4,"2009",0,52378,0,42021,0,94399,94399
"AL",1,4,"2010",0,54408,0,43957,0,98365,98365
"AL",1,4,"2011",0,49960,0,43710,0,93670,93670
"AL",1,4,"2012",0,44669,0,42043,0,86712,86712
"AL",1,4,"2013",0,43334,0,41803,0,85137,85137
"AL",1,4,"2014",0,41506,0,41509,0,83015,83015
"AK",2,4,"1980",0,0,0,0,0,0,0
"AK",2,4,"1984",0,0,0,0,0,0,0
"AK",2,4,"1985",0,0,0,0,0,0,0
"AK",2,4,"1986",0,47,0,271,0,318,318
"AK",2,4,"1987",0,21,0,539,0,560,560
"AK",2,4,"1988",0,34,0,399,0,433,433
"AK",2,4,"1989",0,42,0,285,0,327,327
"AK",2,4,"1990",0,433,0,329,0,762,762
"AK",2,4,"1991",0,298,0,277,0,575,575
"AK",2,4,"1992",0,301,0,528,0,829,829
"AK",2,4,"1993",0,275,0,595,0,870,870
"AK",2,4,"1994",0,247,0,581,0,828,828
"AK",2,4,"1995",0,275,0,837,0,1112,1112
"AK",2,4,"1996",0,105,0,646,0,751,751
"AK",2,4,"1997",0,283,0,828,0,1111,1111
"AK",2,4,"1998",0,263,0,928,0,1191,1191
"AK",2,4,"1999",0,347,0,1000,0,1347,1347
"AK",2,4,"2000",0,253,0,1120,0,1373,1373
"AK",2,4,"2001",0,317,0,964,0,1281,1281
"AK",2,4,"2002",0,343,0,1290,0,1633,1633
"AK",2,4,"2003",0,354,0,1119,0,1473,1473
"AK",2,4,"2004",0,310,0,1260,0,1570,1570
"AK",2,4,"2005",0,384,0,1075,0,1459,1459
"AK",2,4,"2006",0,482,0,1794,0,2276,2276
"AK",2,4,"2007",0,364,0,1587,0,1951,1951
"AK",2,4,"2008",0,424,0,1322,0,1746,1746
"AK",2,4,"2009",0,450,0,1190,0,1640,1640
"AK",2,4,"2010",0,384,0,1254,0,1638,1638
"AK",2,4,"2011",0,697,0,884,0,1581,1581
"AK",2,4,"2012",0,439,0,1341,0,1780,1780
"AK",2,4,"2013",0,406,0,1669,0,2075,2075
"AK",2,4,"2014",0,324,0,808,0,1132,1132
"AZ",4,4,"1980",0,26849,0,77809,0,104658,104658
"AZ",4,4,"1984",0,24178,0,87728,0,111906,111906
"AZ",4,4,"1985",0,23814,0,82483,0,106297,106297
"AZ",4,4,"1986",0,25001,0,100206,0,125207,125207
"AZ",4,4,"1987",0,26088,0,111460,0,137548,137548
"AZ",4,4,"1988",0,31719,0,122956,0,154675,154675
"AZ",4,4,"1989",0,33274,0,117669,0,150943,150943
"AZ",4,4,"1990",0,35464,0,118346,0,153810,153810
"AZ",4,4,"1991",0,37492,0,119036,0,156528,156528
"AZ",4,4,"1992",0,39178,0,120260,0,159438,159438
"AZ",4,4,"1993",0,38281,0,112526,0,150807,150807
"AZ",4,4,"1994",0,38372,0,113777,0,152149,152149
"AZ",4,4,"1995",0,38520,0,117416,0,155936,155936
"AZ",4,4,"1996",0,39189,0,115755,0,154944,154944
"AZ",4,4,"1997",0,39307,0,116359,0,155666,155666
"AZ",4,4,"1998",0,40225,0,122060,0,162285,162285
"AZ",4,4,"1999",0,43516,0,125940,0,169456,169456
"AZ",4,4,"2000",0,38198,0,138770,0,176968,176968
"AZ",4,4,"2001",0,41216,0,141898,0,183114,183114
"AZ",4,4,"2002",0,45382,0,146423,0,191805,191805
"AZ",4,4,"2003",0,49578,0,143944,0,193522,193522
"AZ",4,4,"2004",0,53060,0,146577,0,199637,199637
"AZ",4,4,"2005",0,50240,0,149050,0,199290,199290
"AZ",4,4,"2006",0,50572,0,149621,0,200193,200193
"AZ",4,4,"2007",0,51044,0,145397,0,196441,196441
"AZ",4,4,"2008",0,51700,0,150442,0,202142,202142
"AZ",4,4,"2009",0,62332,0,155740,0,218072,218072
"AZ",4,4,"2010",0,68382,0,161838,0,230220,230220
"AZ",4,4,"2011",0,68428,0,158818,0,227246,227246
"AZ",4,4,"2012",0,64806,0,152861,0,217667,217667
"AZ",4,4,"2013",0,61861,0,147192,0,209053,209053
"AZ",4,4,"2014",0,57968,0,142340,0,200308,200308
"AR",5,4,"1980",0,3874,0,3261,0,7135,7135
"AR",5,4,"1984",0,3833,0,4957,0,8790,8790
"AR",5,4,"1985",0,3765,0,4673,0,8438,8438
"AR",5,4,"1986",0,4415,0,6303,0,10718,10718
"AR",5,4,"1987",0,4883,0,5730,0,10613,10613
"AR",5,4,"1988",0,5679,0,7524,0,13203,13203
"AR",5,4,"1989",0,5802,0,7041,0,12843,12843
"AR",5,4,"1990",0,8634,0,11152,0,19786,19786
"AR",5,4,"1991",0,9966,0,8579,0,18545,18545
"AR",5,4,"1992",0,9348,0,9984,0,19332,19332
"AR",5,4,"1993",0,10016,0,11463,0,21479,21479
"AR",5,4,"1994",0,10300,0,11068,0,21368,21368
"AR",5,4,"1995",0,10677,0,13085,0,23762,23762
"AR",5,4,"1996",0,12036,0,15614,0,27650,27650
"AR",5,4,"1997",0,12988,0,18551,0,31539,31539
"AR",5,4,"1998",0,14708,0,19121,0,33829,33829
"AR",5,4,"1999",0,15829,0,18391,0,34220,34220
"AR",5,4,"2000",0,15649,0,16607,0,32256,32256
"AR",5,4,"2001",0,17395,0,20105,0,37500,37500
"AR",5,4,"2002",0,19137,0,21619,0,40756,40756
"AR",5,4,"2003",0,21002,0,23205,0,44207,44207
"AR",5,4,"2004",0,21780,0,24336,0,46116,46116
"AR",5,4,"2005",0,22252,0,25519,0,47771,47771
"AR",5,4,"2006",0,21730,0,27242,0,48972,48972
"AR",5,4,"2007",0,22953,0,28278,0,51231,51231
"AR",5,4,"2008",0,24526,0,30032,0,54558,54558
"AR",5,4,"2009",0,28907,0,30662,0,59569,59569
"AR",5,4,"2010",0,30832,0,30953,0,61785,61785
"AR",5,4,"2011",0,30503,0,31838,0,62341,62341
"AR",5,4,"2012",0,28426,0,31418,0,59844,59844
"AR",5,4,"2013",0,26208,0,29777,0,55985,55985
"AR",5,4,"2014",0,23643,0,29770,0,53413,53413
"CA",6,4,"1980",0,254914,0,630744,0,885658,885658
"CA",6,4,"1984",0,263476,0,708058,0,971534,971534
"CA",6,4,"1985",0,230698,0,527312,0,758010,758010
"CA",6,4,"1986",0,266395,0,779126,0,1045521,1045521
"CA",6,4,"1987",0,275415,0,803760,0,1079175,1079175
"CA",6,4,"1988",0,267808,0,800034,0,1067842,1067842
"CA",6,4,"1989",0,262768,0,778652,0,1041420,1041420
"CA",6,4,"1990",0,266449,0,791914,0,1058363,1058363
"CA",6,4,"1991",0,328297,0,940975,0,1269272,1269272
"CA",6,4,"1992",0,319817,0,911092,0,1230909,1230909
"CA",6,4,"1993",0,306848,0,806729,0,1113577,1113577
"CA",6,4,"1994",0,312081,0,790667,0,1102748,1102748
"CA",6,4,"1995",0,307127,0,771324,0,1078451,1078451
"CA",6,4,"1996",0,309551,0,813269,0,1122820,1122820
"CA",6,4,"1997",0,319025,0,832424,0,1151449,1151449
"CA",6,4,"1998",0,317027,0,806559,0,1123586,1123586
"CA",6,4,"1999",0,322220,0,829094,0,1151314,1151314
"CA",6,4,"2000",0,371745,0,1008287,0,1380032,1380032
"CA",6,4,"2001",0,401031,0,1065232,0,1466263,1466263
"CA",6,4,"2002",0,438416,0,1076496,0,1514912,1514912
"CA",6,4,"2003",0,425428,0,943792,0,1369220,1369220
"CA",6,4,"2004",0,433014,0,963799,0,1396813,1396813
"CA",6,4,"2005",0,432500,0,968057,0,1400557,1400557
"CA",6,4,"2006",0,435722,0,987325,0,1423047,1423047
"CA",6,4,"2007",0,451570,0,1038408,0,1489978,1489978
"CA",6,4,"2008",0,458843,0,1124945,0,1583788,1583788
"CA",6,4,"2009",0,500047,0,1134325,0,1634372,1634372
"CA",6,4,"2010",0,499326,0,1111023,0,1610349,1610349
"CA",6,4,"2011",0,474325,0,1055309,0,1529634,1529634
"CA",6,4,"2012",0,450570,0,1012177,0,1462747,1462747
"CA",6,4,"2013",0,463240,0,1003143,0,1466383,1466383
"CA",6,4,"2014",0,465061,0,997857,0,1462918,1462918
"CO",8,4,"1980",0,13697,0,14376,0,28073,28073
"CO",8,4,"1984",0,12951,0,22848,0,35799,35799
"CO",8,4,"1985",0,11499,0,14687,0,26186,26186
"CO",8,4,"1986",0,13743,0,28686,0,42429,42429
"CO",8,4,"1987",0,14072,0,31006,0,45078,45078
"CO",8,4,"1988",0,15166,0,33509,0,48675,48675
"CO",8,4,"1989",0,17050,0,41714,0,58764,58764
"CO",8,4,"1990",0,17884,0,45307,0,63191,63191
"CO",8,4,"1991",0,18727,0,47165,0,65892,65892
"CO",8,4,"1992",0,20997,0,50882,0,71879,71879
"CO",8,4,"1993",0,20798,0,48292,0,69090,69090
"CO",8,4,"1994",0,20621,0,46927,0,67548,67548
"CO",8,4,"1995",0,20607,0,48656,0,69263,69263
"CO",8,4,"1996",0,20506,0,48177,0,68683,68683
"CO",8,4,"1997",0,20552,0,49204,0,69756,69756
"CO",8,4,"1998",0,20804,0,50809,0,71613,71613
"CO",8,4,"1999",0,20872,0,51789,0,72661,72661
"CO",8,4,"2000",0,20970,0,52123,0,73093,73093
"CO",8,4,"2001",0,22386,0,50956,0,73342,73342
"CO",8,4,"2002",0,24749,0,53772,0,78521,78521
"CO",8,4,"2003",0,26651,0,52576,0,79227,79227
"CO",8,4,"2004",0,26191,0,52903,0,79094,79094
"CO",8,4,"2005",0,24918,0,49859,0,74777,74777
"CO",8,4,"2006",0,24784,0,48336,0,73120,73120
"CO",8,4,"2007",0,25295,0,49034,0,74329,74329
"CO",8,4,"2008",0,26363,0,51321,0,77684,77684
"CO",8,4,"2009",0,32409,0,60005,0,92414,92414
"CO",8,4,"2010",0,35700,0,64946,0,100646,100646
"CO",8,4,"2011",0,33788,0,67371,0,101159,101159
"CO",8,4,"2012",0,32186,0,66986,0,99172,99172
"CO",8,4,"2013",0,30332,0,64397,0,94729,94729
"CO",8,4,"2014",0,28199,0,62037,0,90236,90236
"CT",9,4,"1980",0,9572,0,19815,0,29387,29387
"CT",9,4,"1984",0,8563,0,25946,0,34509,34509
"CT",9,4,"1985",0,7985,0,23847,0,31832,31832
"CT",9,4,"1986",0,7658,0,25779,0,33437,33437
"CT",9,4,"1987",0,7490,0,27277,0,34767,34767
"CT",9,4,"1988",0,7913,0,28598,0,36511,36511
"CT",9,4,"1989",0,8842,0,30436,0,39278,39278
"CT",9,4,"1990",0,9330,0,30219,0,39549,39549
"CT",9,4,"1991",0,9495,0,28977,0,38472,38472
"CT",9,4,"1992",0,9914,0,30597,0,40511,40511
"CT",9,4,"1993",0,11310,0,34232,0,45542,45542
"CT",9,4,"1994",0,11043,0,33540,0,44583,44583
"CT",9,4,"1995",0,10452,0,32376,0,42828,42828
"CT",9,4,"1996",0,9931,0,31109,0,41040,41040
"CT",9,4,"1997",0,9558,0,30768,0,40326,40326
"CT",9,4,"1998",0,9655,0,29699,0,39354,39354
"CT",9,4,"1999",0,10369,0,29696,0,40065,40065
"CT",9,4,"2000",0,10885,0,29932,0,40817,40817
"CT",9,4,"2001",0,12044,0,30598,0,42642,42642
"CT",9,4,"2002",0,13715,0,31154,0,44869,44869
"CT",9,4,"2003",0,14469,0,30691,0,45160,45160
"CT",9,4,"2004",0,15798,0,29945,0,45743,45743
"CT",9,4,"2005",0,16385,0,29842,0,46227,46227
"CT",9,4,"2006",0,16827,0,29662,0,46489,46489
"CT",9,4,"2007",0,18179,0,30255,0,48434,48434
"CT",9,4,"2008",0,19694,0,31411,0,51105,51105
"CT",9,4,"2009",0,21404,0,33708,0,55112,55112
"CT",9,4,"2010",0,21997,0,36335,0,58332,58332
"CT",9,4,"2011",0,20370,0,37375,0,57745,57745
"CT",9,4,"2012",0,19691,0,38628,0,58319,58319
"CT",9,4,"2013",0,19325,0,37734,0,57059,57059
"CT",9,4,"2014",0,18514,0,36736,0,55250,55250
"DE",10,4,"1980",0,2411,0,2809,0,5220,5220
"DE",10,4,"1984",0,3047,0,4083,0,7130,7130
"DE",10,4,"1985",0,2595,0,4338,0,6933,6933
"DE",10,4,"1986",0,2991,0,4945,0,7936,7936
"DE",10,4,"1987",0,2992,0,5199,0,8191,8191
"DE",10,4,"1988",0,3564,0,5753,0,9317,9317
"DE",10,4,"1989",0,3748,0,6209,0,9957,9957
"DE",10,4,"1990",0,4037,0,6791,0,10828,10828
"DE",10,4,"1991",0,4364,0,7202,0,11566,11566
"DE",10,4,"1992",0,4298,0,6943,0,11241,11241
"DE",10,4,"1993",0,4131,0,6604,0,10735,10735
"DE",10,4,"1994",0,4089,0,7267,0,11356,11356
"DE",10,4,"1995",0,4199,0,7465,0,11664,11664
"DE",10,4,"1996",0,4500,0,7371,0,11871,11871
"DE",10,4,"1997",0,4432,0,7577,0,12009,12009
"DE",10,4,"1998",0,4904,0,7956,0,12860,12860
"DE",10,4,"1999",0,4793,0,7737,0,12530,12530
"DE",10,4,"2000",0,4371,0,7648,0,12019,12019
"DE",10,4,"2001",0,4413,0,7805,0,12218,12218
"DE",10,4,"2002",0,4970,0,7718,0,12688,12688
"DE",10,4,"2003",0,5087,0,8235,0,13322,13322
"DE",10,4,"2004",0,5235,0,8500,0,13735,13735
"DE",10,4,"2005",0,5242,0,8736,0,13978,13978
"DE",10,4,"2006",0,5766,0,8282,0,14048,14048
"DE",10,4,"2007",0,6344,0,8650,0,14994,14994
"DE",10,4,"2008",0,6287,0,8631,0,14918,14918
"DE",10,4,"2009",0,7138,0,8104,0,15242,15242
"DE",10,4,"2010",0,6518,0,8483,0,15001,15001
"DE",10,4,"2011",0,6269,0,8817,0,15086,15086
"DE",10,4,"2012",0,6010,0,8923,0,14933,14933
"DE",10,4,"2013",0,6039,0,8451,0,14490,14490
"DE",10,4,"2014",0,5276,0,8659,0,13935,13935
"FL",12,4,"1980",0,6360,0,8950,0,15310,15310
"FL",12,4,"1984",0,6365,0,13120,0,19485,19485
"FL",12,4,"1985",0,6422,0,11277,0,17699,17699
"FL",12,4,"1986",0,13511,0,16420,0,29931,29931
"FL",12,4,"1987",0,16822,0,27127,0,43949,43949
"FL",12,4,"1988",0,12253,0,20888,0,33141,33141
"FL",12,4,"1989",0,12751,0,24395,0,37146,37146
"FL",12,4,"1990",0,37368,0,42358,0,79726,79726
"FL",12,4,"1991",0,44621,0,47500,0,92121,92121
"FL",12,4,"1992",0,49848,0,49758,0,99606,99606
"FL",12,4,"1993",0,36953,0,60886,0,97839,97839
"FL",12,4,"1994",0,37774,0,52425,0,90199,90199
"FL",12,4,"1995",0,32366,0,43112,0,75478,75478
"FL",12,4,"1996",0,29764,0,40090,0,69854,69854
"FL",12,4,"1997",0,33233,0,37919,0,71152,71152
"FL",12,4,"1998",0,31500,0,35430,0,66930,66930
"FL",12,4,"1999",0,31116,0,32663,0,63779,63779
"FL",12,4,"2000",0,27826,0,33065,0,60891,60891
"FL",12,4,"2001",0,30572,0,36283,0,66855,66855
"FL",12,4,"2002",0,31812,0,31855,0,63667,63667
"FL",12,4,"2003",0,31472,0,32157,0,63629,63629
"FL",12,4,"2004",0,29757,0,30700,0,60457,60457
"FL",12,4,"2005",0,30365,0,29376,0,59741,59741
"FL",12,4,"2006",0,28756,0,31020,0,59776,59776
"FL",12,4,"2007",0,32557,0,31401,0,63958,63958
"FL",12,4,"2008",0,33376,0,29148,0,62524,62524
"FL",12,4,"2009",0,38436,0,30003,0,68439,68439
"FL",12,4,"2010",0,39667,0,31071,0,70738,70738
"FL",12,4,"2011",0,38704,0,31556,0,70260,70260
"FL",12,4,"2012",0,36930,0,29752,0,66682,66682
"FL",12,4,"2013",0,35911,0,28625,0,64536,64536
"FL",12,4,"2014",0,37554,0,29818,0,67372,67372
"GA",13,4,"1980",0,764,0,1188,0,1952,1952
"GA",13,4,"1984",0,860,0,1118,0,1978,1978
"GA",13,4,"1985",0,999,0,1192,0,2191,2191
"GA",13,4,"1986",0,9552,0,21325,0,30877,30877
"GA",13,4,"1987",0,11256,0,18763,0,30019,30019
"GA",13,4,"1988",0,15302,0,23492,0,38794,38794
"GA",13,4,"1989",0,15893,0,19765,0,35658,35658
"GA",13,4,"1990",0,18518,0,21810,0,40328,40328
"GA",13,4,"1991",0,19348,0,21698,0,41046,41046
"GA",13,4,"1992",0,20984,0,22356,0,43340,43340
"GA",13,4,"1993",0,21313,0,24340,0,45653,45653
"GA",13,4,"1994",0,21193,0,26552,0,47745,47745
"GA",13,4,"1995",0,21713,0,27291,0,49004,49004
"GA",13,4,"1996",0,22541,0,27814,0,50355,50355
"GA",13,4,"1997",0,23290,0,29303,0,52593,52593
"GA",13,4,"1998",0,23413,0,30380,0,53793,53793
"GA",13,4,"1999",0,25020,0,32794,0,57814,57814
"GA",13,4,"2000",0,28679,0,36533,0,65212,65212
"GA",13,4,"2001",0,33348,0,45026,0,78374,78374
"GA",13,4,"2002",0,37287,0,47318,0,84605,84605
"GA",13,4,"2003",0,36959,0,45882,0,82841,82841
"GA",13,4,"2004",0,38515,0,48324,0,86839,86839
"GA",13,4,"2005",0,37677,0,50635,0,88312,88312
"GA",13,4,"2006",0,37690,0,49500,0,87190,87190
"GA",13,4,"2007",0,40226,0,51839,0,92065,92065
"GA",13,4,"2008",0,42749,0,53830,0,96579,96579
"GA",13,4,"2009",0,59701,0,65769,0,125470,125470
"GA",13,4,"2010",0,66299,0,69265,0,135564,135564
"GA",13,4,"2011",0,48836,0,77683,0,126519,126519
"GA",13,4,"2012",0,48764,0,77821,0,126585,126585
"GA",13,4,"2013",0,48327,0,80318,0,128645,128645
"GA",13,4,"2014",0,44337,0,81002,0,125339,125339
"HI",15,4,"1980",0,8240,0,7135,0,15375,15375
"HI",15,4,"1984",0,7925,0,10161,0,18086,18086
"HI",15,4,"1985",0,7430,0,8187,0,15617,15617
"HI",15,4,"1986",0,7583,0,10360,0,17943,17943
"HI",15,4,"1987",0,7454,0,10973,0,18427,18427
"HI",15,4,"1988",0,7377,0,10607,0,17984,17984
"HI",15,4,"1989",0,7551,0,10908,0,18459,18459
"HI",15,4,"1990",0,7925,0,11566,0,19491,19491
"HI",15,4,"1991",0,7951,0,12487,0,20438,20438
"HI",15,4,"1992",0,9515,0,14096,0,23611,23611
"HI",15,4,"1993",0,9748,0,14362,0,24110,24110
"HI",15,4,"1994",0,10108,0,14971,0,25079,25079
"HI",15,4,"1995",0,9865,0,14223,0,24088,24088
"HI",15,4,"1996",0,9850,0,12975,0,22825,22825
"HI",15,4,"1997",0,9711,0,12401,0,22112,22112
"HI",15,4,"1998",0,9896,0,12164,0,22060,22060
"HI",15,4,"1999",0,10070,0,12458,0,22528,22528
"HI",15,4,"2000",0,9559,0,11540,0,21099,21099
"HI",15,4,"2001",0,9654,0,12456,0,22110,22110
"HI",15,4,"2002",0,9803,0,12801,0,22604,22604
"HI",15,4,"2003",0,9753,0,13606,0,23359,23359
"HI",15,4,"2004",0,9558,0,13344,0,22902,22902
"HI",15,4,"2005",0,8772,0,13558,0,22330,22330
"HI",15,4,"2006",0,8939,0,13480,0,22419,22419
"HI",15,4,"2007",0,9119,0,13790,0,22909,22909
"HI",15,4,"2008",0,9801,0,15356,0,25157,25157
"HI",15,4,"2009",0,11023,0,17066,0,28089,28089
"HI",15,4,"2010",0,11697,0,18139,0,29836,29836
"HI",15,4,"2011",0,11137,0,18436,0,29573,29573
"HI",15,4,"2012",0,11196,0,18137,0,29333,29333
"HI",15,4,"2013",0,11080,0,17375,0,28455,28455
"HI",15,4,"2014",0,10677,0,16474,0,27151,27151
"ID",16,4,"1980",0,2732,0,501,0,3233,3233
"ID",16,4,"1984",0,2753,0,2535,0,5288,5288
"ID",16,4,"1985",0,2455,0,1932,0,4387,4387
"ID",16,4,"1986",0,3650,0,3598,0,7248,7248
"ID",16,4,"1987",0,3104,0,2213,0,5317,5317
"ID",16,4,"1988",0,3240,0,2401,0,5641,5641
"ID",16,4,"1989",0,3402,0,2272,0,5674,5674
"ID",16,4,"1990",0,3435,0,2469,0,5904,5904
"ID",16,4,"1991",0,3772,0,2761,0,6533,6533
"ID",16,4,"1992",0,3809,0,3391,0,7200,7200
"ID",16,4,"1993",0,4207,0,3177,0,7384,7384
"ID",16,4,"1994",0,4425,0,3275,0,7700,7700
"ID",16,4,"1995",0,4429,0,3473,0,7902,7902
"ID",16,4,"1996",0,4768,0,3694,0,8462,8462
"ID",16,4,"1997",0,4866,0,4040,0,8906,8906
"ID",16,4,"1998",0,4926,0,3941,0,8867,8867
"ID",16,4,"1999",0,4959,0,4385,0,9344,9344
"ID",16,4,"2000",0,5143,0,4953,0,10096,10096
"ID",16,4,"2001",0,5392,0,5498,0,10890,10890
"ID",16,4,"2002",0,5755,0,5722,0,11477,11477
"ID",16,4,"2003",0,6229,0,5933,0,12162,12162
"ID",16,4,"2004",0,6444,0,5968,0,12412,12412
"ID",16,4,"2005",0,5765,0,6249,0,12014,12014
"ID",16,4,"2006",0,5252,0,7318,0,12570,12570
"ID",16,4,"2007",0,5533,0,6997,0,12530,12530
"ID",16,4,"2008",0,5834,0,7305,0,13139,13139
"ID",16,4,"2009",0,8721,0,9640,0,18361,18361
"ID",16,4,"2010",0,10881,0,10220,0,21101,21101
"ID",16,4,"2011",0,10984,0,13759,0,24743,24743
"ID",16,4,"2012",0,11203,0,14437,0,25640,25640
"ID",16,4,"2013",0,10025,0,14250,0,24275,24275
"ID",16,4,"2014",0,8903,0,16241,0,25144,25144
"IL",17,4,"1980",0,81902,0,157385,0,239287,239287
"IL",17,4,"1984",0,83600,0,216148,0,299748,299748
"IL",17,4,"1985",0,73498,0,164005,0,237503,237503
"IL",17,4,"1986",0,92971,0,223832,0,316803,316803
"IL",17,4,"1987",0,96702,0,217064,0,313766,313766
"IL",17,4,"1988",0,95423,0,217881,0,313304,313304
"IL",17,4,"1989",0,100449,0,228165,0,328614,328614
"IL",17,4,"1990",0,104274,0,236987,0,341261,341261
"IL",17,4,"1991",0,110441,0,249925,0,360366,360366
"IL",17,4,"1992",0,111247,0,249921,0,361168,361168
"IL",17,4,"1993",0,110128,0,243334,0,353462,353462
"IL",17,4,"1994",0,109201,0,241024,0,350225,350225
"IL",17,4,"1995",0,104949,0,231881,0,336830,336830
"IL",17,4,"1996",0,106087,0,233226,0,339313,339313
"IL",17,4,"1997",0,111981,0,231480,0,343461,343461
"IL",17,4,"1998",0,111806,0,227940,0,339746,339746
"IL",17,4,"1999",0,112007,0,240547,0,352554,352554
"IL",17,4,"2000",0,108774,0,231598,0,340372,340372
"IL",17,4,"2001",0,111877,0,227131,0,339008,339008
"IL",17,4,"2002",0,120279,0,233426,0,353705,353705
"IL",17,4,"2003",0,128123,0,236896,0,365019,365019
"IL",17,4,"2004",0,129162,0,233964,0,363126,363126
"IL",17,4,"2005",0,125868,0,226956,0,352824,352824
"IL",17,4,"2006",0,126632,0,223292,0,349924,349924
"IL",17,4,"2007",0,129248,0,218029,0,347277,347277
"IL",17,4,"2008",0,134299,0,222858,0,357157,357157
"IL",17,4,"2009",0,150390,0,233570,0,383960,383960
"IL",17,4,"2010",0,151682,0,228818,0,380500,380500
"IL",17,4,"2011",0,142266,0,231107,0,373373,373373
"IL",17,4,"2012",0,133704,0,224858,0,358562,358562
"IL",17,4,"2013",0,130630,0,220940,0,351570,351570
"IL",17,4,"2014",0,122852,0,213250,0,336102,336102
"IN",18,4,"1980",0,2019,0,2234,0,4253,4253
"IN",18,4,"1984",0,1581,0,2846,0,4427,4427
"IN",18,4,"1985",0,1386,0,3417,0,4803,4803
"IN",18,4,"1986",0,879,0,3276,0,4155,4155
"IN",18,4,"1987",0,878,0,3499,0,4377,4377
"IN",18,4,"1988",0,960,0,3447,0,4407,4407
"IN",18,4,"1989",0,897,0,3545,0,4442,4442
"IN",18,4,"1990",0,1532,0,3339,0,4871,4871
"IN",18,4,"1991",0,1389,0,3317,0,4706,4706
"IN",18,4,"1992",0,1503,0,3579,0,5082,5082
"IN",18,4,"1993",0,1180,0,3564,0,4744,4744
"IN",18,4,"1994",0,1195,0,4080,0,5275,5275
"IN",18,4,"1995",0,1146,0,4282,0,5428,5428
"IN",18,4,"1996",0,1011,0,3621,0,4632,4632
"IN",18,4,"1997",0,1097,0,3845,0,4942,4942
"IN",18,4,"1998",0,1080,0,4036,0,5116,5116
"IN",18,4,"1999",0,1238,0,4246,0,5484,5484
"IN",18,4,"2000",0,1703,0,5045,0,6748,6748
"IN",18,4,"2001",0,1982,0,5375,0,7357,7357
"IN",18,4,"2002",0,2751,0,6047,0,8798,8798
"IN",18,4,"2003",0,3129,0,5704,0,8833,8833
"IN",18,4,"2004",0,3666,0,7166,0,10832,10832
"IN",18,4,"2005",0,3513,0,6920,0,10433,10433
"IN",18,4,"2006",0,3889,0,7300,0,11189,11189
"IN",18,4,"2007",0,4818,0,8621,0,13439,13439
"IN",18,4,"2008",0,5974,0,10441,0,16415,16415
"IN",18,4,"2009",0,7500,0,12033,0,19533,19533
"IN",18,4,"2010",0,7912,0,12935,0,20847,20847
"IN",18,4,"2011",0,7497,0,13549,0,21046,21046
"IN",18,4,"2012",0,37662,0,62610,0,100272,100272
"IN",18,4,"2013",0,34212,0,64566,0,98778,98778
"IN",18,4,"2014",0,28815,0,62364,0,91179,91179
"IA",19,4,"1980",0,22372,0,7876,0,30248,30248
"IA",19,4,"1984",0,26051,0,13867,0,39918,39918
"IA",19,4,"1985",0,25536,0,13667,0,39203,39203
"IA",19,4,"1986",0,23431,0,12670,0,36101,36101
"IA",19,4,"1987",0,23871,0,13690,0,37561,37561
"IA",19,4,"1988",0,24089,0,14928,0,39017,39017
"IA",19,4,"1989",0,29163,0,19505,0,48668,48668
"IA",19,4,"1990",0,29302,0,20575,0,49877,49877
"IA",19,4,"1991",0,29876,0,22396,0,52272,52272
"IA",19,4,"1992",0,31911,0,23785,0,55696,55696
"IA",19,4,"1993",0,31584,0,24568,0,56152,56152
"IA",19,4,"1994",0,31312,0,25088,0,56400,56400
"IA",19,4,"1995",0,31374,0,25181,0,56555,56555
"IA",19,4,"1996",0,32176,0,27208,0,59384,59384
"IA",19,4,"1997",0,32865,0,27912,0,60777,60777
"IA",19,4,"1998",0,32082,0,29385,0,61467,61467
"IA",19,4,"1999",0,34773,0,30213,0,64986,64986
"IA",19,4,"2000",0,34091,0,31655,0,65746,65746
"IA",19,4,"2001",0,35932,0,33294,0,69226,69226
"IA",19,4,"2002",0,38518,0,35518,0,74036,74036
"IA",19,4,"2003",0,40945,0,37459,0,78404,78404
"IA",19,4,"2004",0,41137,0,40890,0,82027,82027
"IA",19,4,"2005",0,40210,0,41908,0,82118,82118
"IA",19,4,"2006",0,40406,0,44041,0,84447,84447
"IA",19,4,"2007",0,41405,0,45270,0,86675,86675
"IA",19,4,"2008",0,42768,0,45245,0,88013,88013
"IA",19,4,"2009",0,50222,0,50826,0,101048,101048
"IA",19,4,"2010",0,53150,0,53230,0,106380,106380
"IA",19,4,"2011",0,49559,0,56343,0,105902,105902
"IA",19,4,"2012",0,46309,0,54099,0,100408,100408
"IA",19,4,"2013",0,41202,0,52580,0,93782,93782
"IA",19,4,"2014",0,37796,0,55767,0,93563,93563
"KS",20,4,"1980",0,12899,0,16486,0,29385,29385
"KS",20,4,"1984",0,13382,0,28574,0,41956,41956
"KS",20,4,"1985",0,12969,0,22106,0,35075,35075
"KS",20,4,"1986",0,16305,0,35656,0,51961,51961
"KS",20,4,"1987",0,17490,0,36304,0,53794,53794
"KS",20,4,"1988",0,18283,0,39274,0,57557,57557
"KS",20,4,"1989",0,19476,0,42992,0,62468,62468
"KS",20,4,"1990",0,21126,0,43093,0,64219,64219
"KS",20,4,"1991",0,22722,0,47993,0,70715,70715
"KS",20,4,"1992",0,23719,0,47470,0,71189,71189
"KS",20,4,"1993",0,23833,0,50249,0,74082,74082
"KS",20,4,"1994",0,23913,0,51620,0,75533,75533
"KS",20,4,"1995",0,24090,0,53258,0,77348,77348
"KS",20,4,"1996",0,23754,0,47559,0,71313,71313
"KS",20,4,"1997",0,23513,0,51800,0,75313,75313
"KS",20,4,"1998",0,23945,0,48782,0,72727,72727
"KS",20,4,"1999",0,24163,0,46281,0,70444,70444
"KS",20,4,"2000",0,24554,0,46890,0,71444,71444
"KS",20,4,"2001",0,26000,0,47311,0,73311,73311
"KS",20,4,"2002",0,27677,0,47257,0,74934,74934
"KS",20,4,"2003",0,28593,0,45990,0,74583,74583
"KS",20,4,"2004",0,28980,0,45398,0,74378,74378
"KS",20,4,"2005",0,28924,0,45046,0,73970,73970
"KS",20,4,"2006",0,29762,0,44244,0,74006,74006
"KS",20,4,"2007",0,29679,0,43706,0,73385,73385
"KS",20,4,"2008",0,30146,0,44345,0,74491,74491
"KS",20,4,"2009",0,34602,0,48100,0,82702,82702
"KS",20,4,"2010",0,37060,0,48238,0,85298,85298
"KS",20,4,"2011",0,36474,0,49108,0,85582,85582
"KS",20,4,"2012",0,35344,0,50502,0,85846,85846
"KS",20,4,"2013",0,33838,0,49713,0,83551,83551
"KS",20,4,"2014",0,33131,0,48202,0,81333,81333
"KY",21,4,"1980",0,0,0,0,0,0,0
"KY",21,4,"1984",0,0,0,0,0,0,0
"KY",21,4,"1985",0,0,0,0,0,0,0
"KY",21,4,"1986",0,0,0,0,0,0,0
"KY",21,4,"1987",0,10586,0,14587,0,25173,25173
"KY",21,4,"1988",0,12589,0,17015,0,29604,29604
"KY",21,4,"1989",0,13915,0,18532,0,32447,32447
"KY",21,4,"1990",0,16584,0,21090,0,37674,37674
"KY",21,4,"1991",0,18270,0,24302,0,42572,42572
"KY",21,4,"1992",0,19633,0,24713,0,44346,44346
"KY",21,4,"1993",0,19977,0,24628,0,44605,44605
"KY",21,4,"1994",0,19182,0,22526,0,41708,41708
"KY",21,4,"1995",0,18802,0,20847,0,39649,39649
"KY",21,4,"1996",0,18812,0,20263,0,39075,39075
"KY",21,4,"1997",0,18477,0,18774,0,37251,37251
"KY",21,4,"1998",0,18407,0,17835,0,36242,36242
"KY",21,4,"1999",0,19341,0,18485,0,37826,37826
"KY",21,4,"2000",0,18835,0,21009,0,39844,39844
"KY",21,4,"2001",0,20130,0,26631,0,46761,46761
"KY",21,4,"2002",0,23397,0,29097,0,52494,52494
"KY",21,4,"2003",0,24552,0,31452,0,56004,56004
"KY",21,4,"2004",0,25729,0,34573,0,60302,60302
"KY",21,4,"2005",0,28890,0,47469,0,76359,76359
"KY",21,4,"2006",0,32859,0,53378,0,86237,86237
"KY",21,4,"2007",0,33384,0,59149,0,92533,92533
"KY",21,4,"2008",0,34890,0,54832,0,89722,89722
"KY",21,4,"2009",0,41383,0,58729,0,100112,100112
"KY",21,4,"2010",0,44683,0,61716,0,106399,106399
"KY",21,4,"2011",0,42461,0,65429,0,107890,107890
"KY",21,4,"2012",0,38643,0,57947,0,96590,96590
"KY",21,4,"2013",0,37402,0,54535,0,91937,91937
"KY",21,4,"2014",0,35414,0,51145,0,86559,86559
"LA",22,4,"1980",0,4435,0,6947,0,11382,11382
"LA",22,4,"1984",0,4911,0,6931,0,11842,11842
"LA",22,4,"1985",0,4652,0,4399,0,9051,9051
"LA",22,4,"1986",0,7082,0,8735,0,15817,15817
"LA",22,4,"1987",0,7830,0,7929,0,15759,15759
"LA",22,4,"1988",0,7532,0,8013,0,15545,15545
"LA",22,4,"1989",0,8964,0,9392,0,18356,18356
"LA",22,4,"1990",0,11067,0,12037,0,23104,23104
"LA",22,4,"1991",0,7681,0,18117,0,25798,25798
"LA",22,4,"1992",0,12802,0,14507,0,27309,27309
"LA",22,4,"1993",0,13417,0,13736,0,27153,27153
"LA",22,4,"1994",0,13458,0,13876,0,27334,27334
"LA",22,4,"1995",0,12941,0,12842,0,25783,25783
"LA",22,4,"1996",0,14526,0,14654,0,29180,29180
"LA",22,4,"1997",0,14489,0,14006,0,28495,28495
"LA",22,4,"1998",0,14954,0,13456,0,28410,28410
"LA",22,4,"1999",0,15047,0,13285,0,28332,28332
"LA",22,4,"2000",0,15545,0,16690,0,32235,32235
"LA",22,4,"2001",0,18553,0,18507,0,37060,37060
"LA",22,4,"2002",0,20294,0,20027,0,40321,40321
"LA",22,4,"2003",0,21965,0,22190,0,44155,44155
"LA",22,4,"2004",0,22465,0,21214,0,43679,43679
"LA",22,4,"2005",0,13773,0,11851,0,25624,25624
"LA",22,4,"2006",0,20618,0,20149,0,40767,40767
"LA",22,4,"2007",0,21995,0,22653,0,44648,44648
"LA",22,4,"2008",0,23019,0,26082,0,49101,49101
"LA",22,4,"2009",0,27790,0,28531,0,56321,56321
"LA",22,4,"2010",0,36735,0,38642,0,75377,75377
"LA",22,4,"2011",0,36018,0,40107,0,76125,76125
"LA",22,4,"2012",0,32723,0,41215,0,73938,73938
"LA",22,4,"2013",0,35246,0,40690,0,75936,75936
"LA",22,4,"2014",0,34212,0,37331,0,71543,71543
"ME",23,4,"1980",0,2455,0,456,0,2911,2911
"ME",23,4,"1984",0,2611,0,2045,0,4656,4656
"ME",23,4,"1985",0,2783,0,650,0,3433,3433
"ME",23,4,"1986",0,2651,0,2229,0,4880,4880
"ME",23,4,"1987",0,2552,0,2720,0,5272,5272
"ME",23,4,"1988",0,2559,0,3157,0,5716,5716
"ME",23,4,"1989",0,2723,0,3555,0,6278,6278
"ME",23,4,"1990",0,2984,0,3900,0,6884,6884
"ME",23,4,"1991",0,3145,0,3745,0,6890,6890
"ME",23,4,"1992",0,3214,0,4111,0,7325,7325
"ME",23,4,"1993",0,3161,0,4263,0,7424,7424
"ME",23,4,"1994",0,3164,0,4125,0,7289,7289
"ME",23,4,"1995",0,3078,0,3842,0,6920,6920
"ME",23,4,"1996",0,3177,0,4104,0,7281,7281
"ME",23,4,"1997",0,3202,0,4446,0,7648,7648
"ME",23,4,"1998",0,3275,0,4511,0,7786,7786
"ME",23,4,"1999",0,3317,0,4511,0,7828,7828
"ME",23,4,"2000",0,3396,0,4173,0,7569,7569
"ME",23,4,"2001",0,3769,0,4974,0,8743,8743
"ME",23,4,"2002",0,4435,0,5598,0,10033,10033
"ME",23,4,"2003",0,5368,0,6190,0,11558,11558
"ME",23,4,"2004",0,5743,0,6471,0,12214,12214
"ME",23,4,"2005",0,5852,0,6583,0,12435,12435
"ME",23,4,"2006",0,5939,0,6763,0,12702,12702
"ME",23,4,"2007",0,6226,0,7518,0,13744,13744
"ME",23,4,"2008",0,6773,0,7967,0,14740,14740
"ME",23,4,"2009",0,7802,0,8437,0,16239,16239
"ME",23,4,"2010",0,8378,0,9459,0,17837,17837
"ME",23,4,"2011",0,8289,0,9872,0,18161,18161
"ME",23,4,"2012",0,7974,0,10579,0,18553,18553
"ME",23,4,"2013",0,7997,0,10222,0,18219,18219
"ME",23,4,"2014",0,7329,0,10850,0,18179,18179
"MD",24,4,"1980",0,21900,0,42082,0,63982,63982
"MD",24,4,"1984",0,19547,0,48286,0,67833,67833
"MD",24,4,"1985",0,17953,0,42732,0,60685,60685
"MD",24,4,"1986",0,17762,0,46911,0,64673,64673
"MD",24,4,"1987",0,18015,0,48535,0,66550,66550
"MD",24,4,"1988",0,19598,0,51123,0,70721,70721
"MD",24,4,"1989",0,20658,0,52594,0,73252,73252
"MD",24,4,"1990",0,21496,0,53277,0,74773,74773
"MD",24,4,"1991",0,22631,0,55582,0,78213,78213
"MD",24,4,"1992",0,23666,0,55694,0,79360,79360
"MD",24,4,"1993",0,23841,0,57467,0,81308,81308
"MD",24,4,"1994",0,23370,0,55973,0,79343,79343
"MD",24,4,"1995",0,23144,0,55065,0,78209,78209
"MD",24,4,"1996",0,23450,0,51922,0,75372,75372
"MD",24,4,"1997",0,24303,0,52004,0,76307,76307
"MD",24,4,"1998",0,24429,0,52547,0,76976,76976
"MD",24,4,"1999",0,24523,0,52253,0,76776,76776
"MD",24,4,"2000",0,34120,0,69241,0,103361,103361
"MD",24,4,"2001",0,36852,0,72559,0,109411,109411
"MD",24,4,"2002",0,39340,0,75593,0,114933,114933
"MD",24,4,"2003",0,40968,0,76563,0,117531,117531
"MD",24,4,"2004",0,42198,0,76751,0,118949,118949
"MD",24,4,"2005",0,42974,0,76272,0,119246,119246
"MD",24,4,"2006",0,44038,0,72902,0,116940,116940
"MD",24,4,"2007",0,45583,0,77212,0,122795,122795
"MD",24,4,"2008",0,47641,0,80432,0,128073,128073
"MD",24,4,"2009",0,53967,0,86256,0,140223,140223
"MD",24,4,"2010",0,54661,0,92715,0,147376,147376
"MD",24,4,"2011",0,53100,0,95500,0,148600,148600
"MD",24,4,"2012",0,49977,0,95037,0,145014,145014
"MD",24,4,"2013",0,47878,0,90965,0,138843,138843
"MD",24,4,"2014",0,45065,0,88672,0,133737,133737
"MA",25,4,"1980",0,26808,0,23050,0,49858,49858
"MA",25,4,"1984",0,29138,0,44982,0,74120,74120
"MA",25,4,"1985",0,28114,0,20525,0,48639,48639
"MA",25,4,"1986",0,27803,0,42113,0,69916,69916
"MA",25,4,"1987",0,29397,0,43673,0,73070,73070
"MA",25,4,"1988",0,30560,0,44858,0,75418,75418
"MA",25,4,"1989",0,30219,0,45331,0,75550,75550
"MA",25,4,"1990",0,31586,0,44005,0,75591,75591
"MA",25,4,"1991",0,31800,0,42516,0,74316,74316
"MA",25,4,"1992",0,32452,0,45679,0,78131,78131
"MA",25,4,"1993",0,32347,0,47067,0,79414,79414
"MA",25,4,"1994",0,31084,0,46584,0,77668,77668
"MA",25,4,"1995",0,29763,0,45200,0,74963,74963
"MA",25,4,"1996",0,28100,0,43492,0,71592,71592
"MA",25,4,"1997",0,27527,0,44617,0,72144,72144
"MA",25,4,"1998",0,29449,0,45771,0,75220,75220
"MA",25,4,"1999",0,31002,0,48506,0,79508,79508
"MA",25,4,"2000",0,31166,0,50058,0,81224,81224
"MA",25,4,"2001",0,33081,0,50972,0,84053,84053
"MA",25,4,"2002",0,35239,0,49790,0,85029,85029
"MA",25,4,"2003",0,36209,0,50343,0,86552,86552
"MA",25,4,"2004",0,35523,0,49965,0,85488,85488
"MA",25,4,"2005",0,35398,0,48811,0,84209,84209
"MA",25,4,"2006",0,35634,0,49923,0,85557,85557
"MA",25,4,"2007",0,36921,0,51580,0,88501,88501
"MA",25,4,"2008",0,39314,0,53732,0,93046,93046
"MA",25,4,"2009",0,44278,0,58043,0,102321,102321
"MA",25,4,"2010",0,44849,0,60151,0,105000,105000
"MA",25,4,"2011",0,43652,0,61466,0,105118,105118
"MA",25,4,"2012",0,42545,0,62749,0,105294,105294
"MA",25,4,"2013",0,41114,0,63249,0,104363,104363
"MA",25,4,"2014",0,38960,0,62623,0,101583,101583
"MI",26,4,"1980",0,52013,0,101147,0,153160,153160
"MI",26,4,"1984",0,55474,0,137270,0,192744,192744
"MI",26,4,"1985",0,49728,0,127432,0,177160,177160
"MI",26,4,"1986",0,47244,0,145873,0,193117,193117
"MI",26,4,"1987",0,49034,0,150969,0,200003,200003
"MI",26,4,"1988",0,50183,0,149184,0,199367,199367
"MI",26,4,"1989",0,54265,0,153057,0,207322,207322
"MI",26,4,"1990",0,55235,0,155603,0,210838,210838
"MI",26,4,"1991",0,56110,0,154664,0,210774,210774
"MI",26,4,"1992",0,56590,0,144242,0,200832,200832
"MI",26,4,"1993",0,55739,0,148168,0,203907,203907
"MI",26,4,"1994",0,52703,0,140849,0,193552,193552
"MI",26,4,"1995",0,49295,0,140116,0,189411,189411
"MI",26,4,"1996",0,49440,0,137346,0,186786,186786
"MI",26,4,"1997",0,49585,0,133196,0,182781,182781
"MI",26,4,"1998",0,50535,0,132156,0,182691,182691
"MI",26,4,"1999",0,50431,0,127602,0,178033,178033
"MI",26,4,"2000",0,52068,0,127538,0,179606,179606
"MI",26,4,"2001",0,57131,0,129207,0,186338,186338
"MI",26,4,"2002",0,60200,0,133933,0,194133,194133
"MI",26,4,"2003",0,66167,0,131312,0,197479,197479
"MI",26,4,"2004",0,69237,0,127336,0,196573,196573
"MI",26,4,"2005",0,71142,0,129950,0,201092,201092
"MI",26,4,"2006",0,74569,0,133753,0,208322,208322
"MI",26,4,"2007",0,78427,0,134828,0,213255,213255
"MI",26,4,"2008",0,82759,0,137599,0,220358,220358
"MI",26,4,"2009",0,92897,0,144403,0,237300,237300
"MI",26,4,"2010",0,93872,0,148800,0,242672,242672
"MI",26,4,"2011",0,84979,0,149363,0,234342,234342
"MI",26,4,"2012",0,77746,0,144645,0,222391,222391
"MI",26,4,"2013",0,71495,0,140896,0,212391,212391
"MI",26,4,"2014",0,65005,0,135195,0,200200,200200
"MN",27,4,"1980",0,12293,0,12469,0,24762,24762
"MN",27,4,"1984",0,17415,0,15354,0,32769,32769
"MN",27,4,"1985",0,16894,0,15496,0,32390,32390
"MN",27,4,"1986",0,24147,0,20582,0,44729,44729
"MN",27,4,"1987",0,28864,0,23529,0,52393,52393
"MN",27,4,"1988",0,31499,0,26825,0,58324,58324
"MN",27,4,"1989",0,35377,0,28763,0,64140,64140
"MN",27,4,"1990",0,34984,0,32271,0,67255,67255
"MN",27,4,"1991",0,33478,0,37179,0,70657,70657
"MN",27,4,"1992",0,34878,0,39565,0,74443,74443
"MN",27,4,"1993",0,34674,0,40485,0,75159,75159
"MN",27,4,"1994",0,34087,0,40089,0,74176,74176
"MN",27,4,"1995",0,33721,0,39891,0,73612,73612
"MN",27,4,"1996",0,47169,0,43063,0,90232,90232
"MN",27,4,"1997",0,43347,0,44178,0,87525,87525
"MN",27,4,"1998",0,39475,0,42667,0,82142,82142
"MN",27,4,"1999",0,45105,0,50524,0,95629,95629
"MN",27,4,"2000",0,45714,0,55163,0,100877,100877
"MN",27,4,"2001",0,48635,0,55105,0,103740,103740
"MN",27,4,"2002",0,52359,0,55854,0,108213,108213
"MN",27,4,"2003",0,55854,0,57716,0,113570,113570
"MN",27,4,"2004",0,55887,0,56904,0,112791,112791
"MN",27,4,"2005",0,55398,0,56907,0,112305,112305
"MN",27,4,"2006",0,55654,0,59167,0,114821,114821
"MN",27,4,"2007",0,57995,0,61574,0,119569,119569
"MN",27,4,"2008",0,58267,0,65744,0,124011,124011
"MN",27,4,"2009",0,65250,0,69208,0,134458,134458
"MN",27,4,"2010",0,65406,0,72835,0,138241,138241
"MN",27,4,"2011",0,59683,0,75678,0,135361,135361
"MN",27,4,"2012",0,57581,0,77553,0,135134,135134
"MN",27,4,"2013",0,54917,0,75479,0,130396,130396
"MN",27,4,"2014",0,51306,0,74049,0,125355,125355
"MS",28,4,"1980",0,23952,0,10070,0,34022,34022
"MS",28,4,"1984",0,27606,0,11370,0,38976,38976
"MS",28,4,"1985",0,26626,0,10001,0,36627,36627
"MS",28,4,"1986",0,25053,0,8861,0,33914,33914
"MS",28,4,"1987",0,29784,0,12733,0,42517,42517
"MS",28,4,"1988",0,34152,0,12089,0,46241,46241
"MS",28,4,"1989",0,31818,0,14032,0,45850,45850
"MS",28,4,"1990",0,34549,0,15236,0,49785,49785
"MS",28,4,"1991",0,35237,0,15342,0,50579,50579
"MS",28,4,"1992",0,35239,0,15607,0,50846,50846
"MS",28,4,"1993",0,36031,0,15028,0,51059,51059
"MS",28,4,"1994",0,35080,0,15133,0,50213,50213
"MS",28,4,"1995",0,35749,0,15354,0,51103,51103
"MS",28,4,"1996",0,36720,0,16887,0,53607,53607
"MS",28,4,"1997",0,37829,0,18295,0,56124,56124
"MS",28,4,"1998",0,39310,0,18412,0,57722,57722
"MS",28,4,"1999",0,39060,0,18995,0,58055,58055
"MS",28,4,"2000",0,39589,0,20993,0,60582,60582
"MS",28,4,"2001",0,43905,0,15207,0,59112,59112
"MS",28,4,"2002",0,46024,0,20240,0,66264,66264
"MS",28,4,"2003",0,48327,0,17736,0,66063,66063
"MS",28,4,"2004",0,47863,0,19527,0,67390,67390
"MS",28,4,"2005",0,46607,0,18883,0,65490,65490
"MS",28,4,"2006",0,47255,0,19113,0,66368,66368
"MS",28,4,"2007",0,49663,0,19111,0,68774,68774
"MS",28,4,"2008",0,52698,0,20367,0,73065,73065
"MS",28,4,"2009",0,60048,0,21750,0,81798,81798
"MS",28,4,"2010",0,63150,0,21465,0,84615,84615
"MS",28,4,"2011",0,58750,0,23166,0,81916,81916
"MS",28,4,"2012",0,56974,0,20586,0,77560,77560
"MS",28,4,"2013",0,55036,0,20172,0,75208,75208
"MS",28,4,"2014",0,52129,0,20855,0,72984,72984
"MO",29,4,"1980",0,9072,0,9820,0,18892,18892
"MO",29,4,"1984",0,10081,0,15725,0,25806,25806
"MO",29,4,"1985",0,9150,0,13178,0,22328,22328
"MO",29,4,"1986",0,10836,0,17628,0,28464,28464
"MO",29,4,"1987",0,12218,0,17606,0,29824,29824
"MO",29,4,"1988",0,19231,0,37638,0,56869,56869
"MO",29,4,"1989",0,21401,0,41402,0,62803,62803
"MO",29,4,"1990",0,22815,0,42878,0,65693,65693
"MO",29,4,"1991",0,23959,0,44517,0,68476,68476
"MO",29,4,"1992",0,24721,0,44617,0,69338,69338
"MO",29,4,"1993",0,17967,0,28148,0,46115,46115
"MO",29,4,"1994",0,16948,0,26633,0,43581,43581
"MO",29,4,"1995",0,16189,0,26789,0,42978,42978
"MO",29,4,"1996",0,16890,0,27282,0,44172,44172
"MO",29,4,"1997",0,17948,0,28119,0,46067,46067
"MO",29,4,"1998",0,18763,0,28191,0,46954,46954
"MO",29,4,"1999",0,20126,0,29398,0,49524,49524
"MO",29,4,"2000",0,20583,0,30302,0,50885,50885
"MO",29,4,"2001",0,22743,0,29820,0,52563,52563
"MO",29,4,"2002",0,24951,0,30250,0,55201,55201
"MO",29,4,"2003",0,26986,0,29155,0,56141,56141
"MO",29,4,"2004",0,27421,0,28475,0,55896,55896
"MO",29,4,"2005",0,27289,0,29316,0,56605,56605
"MO",29,4,"2006",0,27982,0,29384,0,57366,57366
"MO",29,4,"2007",0,30027,0,29912,0,59939,59939
"MO",29,4,"2008",0,31014,0,31347,0,62361,62361
"MO",29,4,"2009",0,36789,0,34879,0,71668,71668
"MO",29,4,"2010",0,40159,0,36799,0,76958,76958
"MO",29,4,"2011",0,49072,0,49925,0,98997,98997
"MO",29,4,"2012",0,51431,0,58207,0,109638,109638
"MO",29,4,"2013",0,50127,0,55864,0,105991,105991
"MO",29,4,"2014",0,46499,0,53715,0,100214,100214
"MT",30,4,"1980",0,1125,0,1573,0,2698,2698
"MT",30,4,"1984",0,1285,0,2392,0,3677,3677
"MT",30,4,"1985",0,1357,0,1749,0,3106,3106
"MT",30,4,"1986",0,2473,0,2856,0,5329,5329
"MT",30,4,"1987",0,2792,0,3653,0,6445,6445
"MT",30,4,"1988",0,2802,0,2995,0,5797,5797
"MT",30,4,"1989",0,3900,0,2627,0,6527,6527
"MT",30,4,"1990",0,2710,0,2710,0,5420,5420
"MT",30,4,"1991",0,3339,0,2272,0,5611,5611
"MT",30,4,"1992",0,3524,0,2404,0,5928,5928
"MT",30,4,"1993",0,3660,0,2271,0,5931,5931
"MT",30,4,"1994",0,3609,0,2216,0,5825,5825
"MT",30,4,"1995",0,3565,0,2550,0,6115,6115
"MT",30,4,"1996",0,3576,0,2718,0,6294,6294
"MT",30,4,"1997",0,3641,0,2906,0,6547,6547
"MT",30,4,"1998",0,3553,0,3042,0,6595,6595
"MT",30,4,"1999",0,3478,0,3265,0,6743,6743
"MT",30,4,"2000",0,2843,0,2449,0,5292,5292
"MT",30,4,"2001",0,3709,0,3031,0,6740,6740
"MT",30,4,"2002",0,3808,0,2964,0,6772,6772
"MT",30,4,"2003",0,4364,0,3512,0,7876,7876
"MT",30,4,"2004",0,4317,0,3363,0,7680,7680
"MT",30,4,"2005",0,4108,0,3986,0,8094,8094
"MT",30,4,"2006",0,3939,0,3817,0,7756,7756
"MT",30,4,"2007",0,3963,0,4159,0,8122,8122
"MT",30,4,"2008",0,4232,0,4038,0,8270,8270
"MT",30,4,"2009",0,5243,0,4383,0,9626,9626
"MT",30,4,"2010",0,5300,0,3900,0,9200,9200
"MT",30,4,"2011",0,5220,0,4349,0,9569,9569
"MT",30,4,"2012",0,4827,0,4415,0,9242,9242
"MT",30,4,"2013",0,4601,0,4105,0,8706,8706
"MT",30,4,"2014",0,4309,0,4323,0,8632,8632
"NE",31,4,"1980",0,4207,0,8667,0,12874,12874
"NE",31,4,"1984",0,5050,0,14261,0,19311,19311
"NE",31,4,"1985",0,5027,0,10021,0,15048,15048
"NE",31,4,"1986",0,6560,0,11217,0,17777,17777
"NE",31,4,"1987",0,5185,0,14326,0,19511,19511
"NE",31,4,"1988",0,5227,0,11416,0,16643,16643
"NE",31,4,"1989",0,5690,0,15649,0,21339,21339
"NE",31,4,"1990",0,6987,0,22362,0,29349,29349
"NE",31,4,"1991",0,7505,0,22055,0,29560,29560
"NE",31,4,"1992",0,8035,0,23356,0,31391,31391
"NE",31,4,"1993",0,8487,0,24443,0,32930,32930
"NE",31,4,"1994",0,9988,0,24948,0,34936,34936
"NE",31,4,"1995",0,9595,0,25395,0,34990,34990
"NE",31,4,"1996",0,11497,0,28026,0,39523,39523
"NE",31,4,"1997",0,11245,0,20610,0,31855,31855
"NE",31,4,"1998",0,11857,0,21227,0,33084,33084
"NE",31,4,"1999",0,13359,0,22223,0,35582,35582
"NE",31,4,"2000",0,13378,0,22473,0,35851,35851
"NE",31,4,"2001",0,14176,0,21853,0,36029,36029
"NE",31,4,"2002",0,15302,0,22655,0,37957,37957
"NE",31,4,"2003",0,16372,0,23608,0,39980,39980
"NE",31,4,"2004",0,17112,0,23531,0,40643,40643
"NE",31,4,"2005",0,16983,0,23237,0,40220,40220
"NE",31,4,"2006",0,16919,0,23912,0,40831,40831
"NE",31,4,"2007",0,16247,0,25204,0,41451,41451
"NE",31,4,"2008",0,17329,0,26198,0,43527,43527
"NE",31,4,"2009",0,21124,0,25583,0,46707,46707
"NE",31,4,"2010",0,21110,0,28501,0,49611,49611
"NE",31,4,"2011",0,21005,0,27033,0,48038,48038
"NE",31,4,"2012",0,18999,0,26381,0,45380,45380
"NE",31,4,"2013",0,17453,0,25051,0,42504,42504
"NE",31,4,"2014",0,16294,0,23694,0,39988,39988
"NV",32,4,"1980",0,319,0,3382,0,3701,3701
"NV",32,4,"1984",0,777,0,6653,0,7430,7430
"NV",32,4,"1985",0,866,0,6567,0,7433,7433
"NV",32,4,"1986",0,878,0,6810,0,7688,7688
"NV",32,4,"1987",0,862,0,7193,0,8055,8055
"NV",32,4,"1988",0,1116,0,7890,0,9006,9006
"NV",32,4,"1989",0,1013,0,8118,0,9131,9131
"NV",32,4,"1990",0,1153,0,8584,0,9737,9737
"NV",32,4,"1991",0,1359,0,8078,0,9437,9437
"NV",32,4,"1992",0,1376,0,6694,0,8070,8070
"NV",32,4,"1993",0,1375,0,7504,0,8879,8879
"NV",32,4,"1994",0,1363,0,6983,0,8346,8346
"NV",32,4,"1995",0,1293,0,7407,0,8700,8700
"NV",32,4,"1996",0,1381,0,7761,0,9142,9142
"NV",32,4,"1997",0,1588,0,7545,0,9133,9133
"NV",32,4,"1998",0,1755,0,7696,0,9451,9451
"NV",32,4,"1999",0,1913,0,8074,0,9987,9987
"NV",32,4,"2000",0,1929,0,8001,0,9930,9930
"NV",32,4,"2001",0,1963,0,7734,0,9697,9697
"NV",32,4,"2002",0,2269,0,8015,0,10284,10284
"NV",32,4,"2003",0,2388,0,8257,0,10645,10645
"NV",32,4,"2004",0,2671,0,8503,0,11174,11174
"NV",32,4,"2005",0,2914,0,8517,0,11431,11431
"NV",32,4,"2006",0,2847,0,8709,0,11556,11556
"NV",32,4,"2007",0,3015,0,9151,0,12166,12166
"NV",32,4,"2008",0,3296,0,9196,0,12492,12492
"NV",32,4,"2009",0,3833,0,9109,0,12942,12942
"NV",32,4,"2010",0,3530,0,9057,0,12587,12587
"NV",32,4,"2011",0,2768,0,8363,0,11131,11131
"NV",32,4,"2012",0,2856,0,8747,0,11603,11603
"NV",32,4,"2013",0,2905,0,8299,0,11204,11204
"NV",32,4,"2014",0,2823,0,8283,0,11106,11106
"NH",33,4,"1980",0,2593,0,490,0,3083,3083
"NH",33,4,"1984",0,2549,0,3590,0,6139,6139
"NH",33,4,"1985",0,2346,0,733,0,3079,3079
"NH",33,4,"1986",0,2140,0,4082,0,6222,6222
"NH",33,4,"1987",0,2142,0,5164,0,7306,7306
"NH",33,4,"1988",0,2496,0,4181,0,6677,6677
"NH",33,4,"1989",0,2524,0,5677,0,8201,8201
"NH",33,4,"1990",0,3205,0,5159,0,8364,8364
"NH",33,4,"1991",0,3427,0,5135,0,8562,8562
"NH",33,4,"1992",0,3402,0,5855,0,9257,9257
"NH",33,4,"1993",0,3234,0,6200,0,9434,9434
"NH",33,4,"1994",0,3180,0,5493,0,8673,8673
"NH",33,4,"1995",0,2892,0,6680,0,9572,9572
"NH",33,4,"1996",0,2886,0,6932,0,9818,9818
"NH",33,4,"1997",0,2822,0,6450,0,9272,9272
"NH",33,4,"1998",0,2553,0,4604,0,7157,7157
"NH",33,4,"1999",0,2838,0,6721,0,9559,9559
"NH",33,4,"2000",0,2897,0,7583,0,10480,10480
"NH",33,4,"2001",0,3212,0,8100,0,11312,11312
"NH",33,4,"2002",0,3599,0,10547,0,14146,14146
"NH",33,4,"2003",0,4037,0,10076,0,14113,14113
"NH",33,4,"2004",0,4147,0,9241,0,13388,13388
"NH",33,4,"2005",0,4111,0,9639,0,13750,13750
"NH",33,4,"2006",0,4309,0,8970,0,13279,13279
"NH",33,4,"2007",0,4713,0,8011,0,12724,12724
"NH",33,4,"2008",0,4939,0,7944,0,12883,12883
"NH",33,4,"2009",0,5673,0,8178,0,13851,13851
"NH",33,4,"2010",0,6273,0,8636,0,14909,14909
"NH",33,4,"2011",0,5403,0,8932,0,14335,14335
"NH",33,4,"2012",0,5235,0,9412,0,14647,14647
"NH",33,4,"2013",0,5153,0,9502,0,14655,14655
"NH",33,4,"2014",0,5261,0,9778,0,15039,15039
"NJ",34,4,"1980",0,38431,0,39441,0,77872,77872
"NJ",34,4,"1984",0,40507,0,68792,0,109299,109299
"NJ",34,4,"1985",0,37006,0,48757,0,85763,85763
"NJ",34,4,"1986",0,36401,0,68004,0,104405,104405
"NJ",34,4,"1987",0,36849,0,66700,0,103549,103549
"NJ",34,4,"1988",0,39234,0,71410,0,110644,110644
"NJ",34,4,"1989",0,42397,0,76046,0,118443,118443
"NJ",34,4,"1990",0,45570,0,78340,0,123910,123910
"NJ",34,4,"1991",0,49477,0,83122,0,132599,132599
"NJ",34,4,"1992",0,52572,0,86141,0,138713,138713
"NJ",34,4,"1993",0,54916,0,85054,0,139970,139970
"NJ",34,4,"1994",0,54679,0,81087,0,135766,135766
"NJ",34,4,"1995",0,54862,0,78378,0,133240,133240
"NJ",34,4,"1996",0,54053,0,73050,0,127103,127103
"NJ",34,4,"1997",0,53323,0,69265,0,122588,122588
"NJ",34,4,"1998",0,53643,0,67471,0,121114,121114
"NJ",34,4,"1999",0,55006,0,68118,0,123124,123124
"NJ",34,4,"2000",0,56509,0,68076,0,124585,124585
"NJ",34,4,"2001",0,59921,0,69998,0,129919,129919
"NJ",34,4,"2002",0,66067,0,72857,0,138924,138924
"NJ",34,4,"2003",0,69768,0,76082,0,145850,145850
"NJ",34,4,"2004",0,72986,0,79057,0,152043,152043
"NJ",34,4,"2005",0,73931,0,77954,0,151885,151885
"NJ",34,4,"2006",0,77392,0,76693,0,154085,154085
"NJ",34,4,"2007",0,80955,0,77375,0,158330,158330
"NJ",34,4,"2008",0,86186,0,78050,0,164236,164236
"NJ",34,4,"2009",0,96860,0,80313,0,177173,177173
"NJ",34,4,"2010",0,98182,0,82224,0,180406,180406
"NJ",34,4,"2011",0,93335,0,83417,0,176752,176752
"NJ",34,4,"2012",0,89038,0,83750,0,172788,172788
"NJ",34,4,"2013",0,86321,0,81259,0,167580,167580
"NJ",34,4,"2014",0,81524,0,81313,0,162837,162837
"NM",35,4,"1980",0,3179,0,3005,0,6184,6184
"NM",35,4,"1984",0,3912,0,8745,0,12657,12657
"NM",35,4,"1985",0,3430,0,5496,0,8926,8926
"NM",35,4,"1986",0,7636,0,23528,0,31164,31164
"NM",35,4,"1987",0,8102,0,24273,0,32375,32375
"NM",35,4,"1988",0,10007,0,19476,0,29483,29483
"NM",35,4,"1989",0,10629,0,20839,0,31468,31468
"NM",35,4,"1990",0,11459,0,23598,0,35057,35057
"NM",35,4,"1991",0,13119,0,27747,0,40866,40866
"NM",35,4,"1992",0,13706,0,29913,0,43619,43619
"NM",35,4,"1993",0,14677,0,31363,0,46040,46040
"NM",35,4,"1994",0,14562,0,32153,0,46715,46715
"NM",35,4,"1995",0,15239,0,33056,0,48295,48295
"NM",35,4,"1996",0,15352,0,33987,0,49339,49339
"NM",35,4,"1997",0,16431,0,33000,0,49431,49431
"NM",35,4,"1998",0,17186,0,32483,0,49669,49669
"NM",35,4,"1999",0,17899,0,32362,0,50261,50261
"NM",35,4,"2000",0,17538,0,33407,0,50945,50945
"NM",35,4,"2001",0,18472,0,34279,0,52751,52751
"NM",35,4,"2002",0,20308,0,37687,0,57995,57995
"NM",35,4,"2003",0,21428,0,39889,0,61317,61317
"NM",35,4,"2004",0,21866,0,42080,0,63946,63946
"NM",35,4,"2005",0,21812,0,41992,0,63804,63804
"NM",35,4,"2006",0,21239,0,43171,0,64410,64410
"NM",35,4,"2007",0,21711,0,45796,0,67507,67507
"NM",35,4,"2008",0,23167,0,51457,0,74624,74624
"NM",35,4,"2009",0,27181,0,54323,0,81504,81504
"NM",35,4,"2010",0,29981,0,55958,0,85939,85939
"NM",35,4,"2011",0,29828,0,53362,0,83190,83190
"NM",35,4,"2012",0,29031,0,52088,0,81119,81119
"NM",35,4,"2013",0,28100,0,51634,0,79734,79734
"NM",35,4,"2014",0,24906,0,50691,0,75597,75597
"NY",36,4,"1980",0,97169,0,48105,0,145274,145274
"NY",36,4,"1984",0,102023,0,85683,0,187706,187706
"NY",36,4,"1985",0,98252,0,58580,0,156832,156832
"NY",36,4,"1986",0,102825,0,92650,0,195475,195475
"NY",36,4,"1987",0,95942,0,88140,0,184082,184082
"NY",36,4,"1988",0,97896,0,91292,0,189188,189188
"NY",36,4,"1989",0,101404,0,96832,0,198236,198236
"NY",36,4,"1990",0,106182,0,101306,0,207488,207488
"NY",36,4,"1991",0,110763,0,101484,0,212247,212247
"NY",36,4,"1992",0,113459,0,105207,0,218666,218666
"NY",36,4,"1993",0,117649,0,102951,0,220600,220600
"NY",36,4,"1994",0,116728,0,100117,0,216845,216845
"NY",36,4,"1995",0,114020,0,98781,0,212801,212801
"NY",36,4,"1996",0,112385,0,93865,0,206250,206250
"NY",36,4,"1997",0,112833,0,91955,0,204788,204788
"NY",36,4,"1998",0,110433,0,94913,0,205346,205346
"NY",36,4,"1999",0,110721,0,92296,0,203017,203017
"NY",36,4,"2000",0,111405,0,94404,0,205809,205809
"NY",36,4,"2001",0,131101,0,110853,0,241954,241954
"NY",36,4,"2002",0,144515,0,111575,0,256090,256090
"NY",36,4,"2003",0,149751,0,114683,0,264434,264434
"NY",36,4,"2004",0,154942,0,117786,0,272728,272728
"NY",36,4,"2005",0,154337,0,117455,0,271792,271792
"NY",36,4,"2006",0,155360,0,117991,0,273351,273351
"NY",36,4,"2007",0,161637,0,119861,0,281498,281498
"NY",36,4,"2008",0,169673,0,123245,0,292918,292918
"NY",36,4,"2009",0,191182,0,126288,0,317470,317470
"NY",36,4,"2010",0,198437,0,130607,0,329044,329044
"NY",36,4,"2011",0,193363,0,142191,0,335554,335554
"NY",36,4,"2012",0,187982,0,141717,0,329699,329699
"NY",36,4,"2013",0,186832,0,141137,0,327969,327969
"NY",36,4,"2014",0,181584,0,142755,0,324339,324339
"NC",37,4,"1980",0,49092,0,33011,0,82103,82103
"NC",37,4,"1984",0,46674,0,76814,0,123488,123488
"NC",37,4,"1985",0,44469,0,52999,0,97468,97468
"NC",37,4,"1986",0,48221,0,81055,0,129276,129276
"NC",37,4,"1987",0,47385,0,76258,0,123643,123643
"NC",37,4,"1988",0,49386,0,77712,0,127098,127098
"NC",37,4,"1989",0,53760,0,78903,0,132663,132663
"NC",37,4,"1990",0,56127,0,80669,0,136796,136796
"NC",37,4,"1991",0,60580,0,92675,0,153255,153255
"NC",37,4,"1992",0,63607,0,95420,0,159027,159027
"NC",37,4,"1993",0,63103,0,84917,0,148020,148020
"NC",37,4,"1994",0,63739,0,83585,0,147324,147324
"NC",37,4,"1995",0,63588,0,82200,0,145788,145788
"NC",37,4,"1996",0,64724,0,81793,0,146517,146517
"NC",37,4,"1997",0,55476,0,87652,0,143128,143128
"NC",37,4,"1998",0,62137,0,94549,0,156686,156686
"NC",37,4,"1999",0,65692,0,96499,0,162191,162191
"NC",37,4,"2000",0,61873,0,104898,0,166771,166771
"NC",37,4,"2001",0,73338,0,107665,0,181003,181003
"NC",37,4,"2002",0,79651,0,111352,0,191003,191003
"NC",37,4,"2003",0,85946,0,114545,0,200491,200491
"NC",37,4,"2004",0,81037,0,118626,0,199663,199663
"NC",37,4,"2005",0,80837,0,119797,0,200634,200634
"NC",37,4,"2006",0,77174,0,126654,0,203828,203828
"NC",37,4,"2007",0,75499,0,126326,0,201825,201825
"NC",37,4,"2008",0,82187,0,137238,0,219425,219425
"NC",37,4,"2009",0,103107,0,144302,0,247409,247409
"NC",37,4,"2010",0,110548,0,142929,0,253477,253477
"NC",37,4,"2011",0,106820,0,144006,0,250826,250826
"NC",37,4,"2012",0,105187,0,139894,0,245081,245081
"NC",37,4,"2013",0,100357,0,139759,0,240116,240116
"NC",37,4,"2014",0,94965,0,138375,0,233340,233340
"ND",38,4,"1980",0,4539,0,427,0,4966,4966
"ND",38,4,"1984",0,4146,0,873,0,5019,5019
"ND",38,4,"1985",0,3916,0,562,0,4478,4478
"ND",38,4,"1986",0,3622,0,1052,0,4674,4674
"ND",38,4,"1987",0,3390,0,980,0,4370,4370
"ND",38,4,"1988",0,3428,0,1075,0,4503,4503
"ND",38,4,"1989",0,3575,0,917,0,4492,4492
"ND",38,4,"1990",0,3374,0,1069,0,4443,4443
"ND",38,4,"1991",0,3349,0,1087,0,4436,4436
"ND",38,4,"1992",0,3445,0,1263,0,4708,4708
"ND",38,4,"1993",0,3449,0,1339,0,4788,4788
"ND",38,4,"1994",0,3556,0,1395,0,4951,4951
"ND",38,4,"1995",0,3720,0,1342,0,5062,5062
"ND",38,4,"1996",0,3769,0,1360,0,5129,5129
"ND",38,4,"1997",0,3738,0,1239,0,4977,4977
"ND",38,4,"1998",0,3668,0,1180,0,4848,4848
"ND",38,4,"1999",0,3602,0,1234,0,4836,4836
"ND",38,4,"2000",0,3299,0,1321,0,4620,4620
"ND",38,4,"2001",0,3214,0,1700,0,4914,4914
"ND",38,4,"2002",0,3335,0,1983,0,5318,5318
"ND",38,4,"2003",0,3463,0,2160,0,5623,5623
"ND",38,4,"2004",0,3388,0,2292,0,5680,5680
"ND",38,4,"2005",0,3257,0,2339,0,5596,5596
"ND",38,4,"2006",0,3150,0,2596,0,5746,5746
"ND",38,4,"2007",0,3018,0,2514,0,5532,5532
"ND",38,4,"2008",0,2987,0,3088,0,6075,6075
"ND",38,4,"2009",0,2989,0,3311,0,6300,6300
"ND",38,4,"2010",0,3171,0,3625,0,6796,6796
"ND",38,4,"2011",0,3272,0,3935,0,7207,7207
"ND",38,4,"2012",0,3252,0,3616,0,6868,6868
"ND",38,4,"2013",0,3154,0,3868,0,7022,7022
"ND",38,4,"2014",0,3143,0,3699,0,6842,6842
"OH",39,4,"1980",0,34089,0,64471,0,98560,98560
"OH",39,4,"1984",0,38456,0,66850,0,105306,105306
"OH",39,4,"1985",0,34372,0,59122,0,93494,93494
"OH",39,4,"1986",0,34935,0,66842,0,101777,101777
"OH",39,4,"1987",0,34744,0,68707,0,103451,103451
"OH",39,4,"1988",0,36236,0,70502,0,106738,106738
"OH",39,4,"1989",0,38882,0,73696,0,112578,112578
"OH",39,4,"1990",0,42802,0,79163,0,121965,121965
"OH",39,4,"1991",0,47521,0,81475,0,128996,128996
"OH",39,4,"1992",0,52220,0,84238,0,136458,136458
"OH",39,4,"1993",0,52088,0,83668,0,135756,135756
"OH",39,4,"1994",0,50354,0,86283,0,136637,136637
"OH",39,4,"1995",0,53197,0,84682,0,137879,137879
"OH",39,4,"1996",0,48081,0,85822,0,133903,133903
"OH",39,4,"1997",0,49302,0,81013,0,130315,130315
"OH",39,4,"1998",0,48691,0,83077,0,131768,131768
"OH",39,4,"1999",0,50465,0,85573,0,136038,136038
"OH",39,4,"2000",0,51520,4,88563,4,140083,140087
"OH",39,4,"2001",1,55801,49,91648,50,147449,147499
"OH",39,4,"2002",2,60557,49,96933,51,157490,157541
"OH",39,4,"2003",0,64842,89,97148,89,161990,162079
"OH",39,4,"2004",1,68491,67,96286,68,164777,164845
"OH",39,4,"2005",0,69464,47,95812,47,165276,165323
"OH",39,4,"2006",1,69619,40,95047,41,164666,164707
"OH",39,4,"2007",0,70509,46,96190,46,166699,166745
"OH",39,4,"2008",1,74667,73,101451,74,176118,176192
"OH",39,4,"2009",0,92596,3,111646,3,204242,204245
"OH",39,4,"2010",0,96568,1,117254,1,213822,213823
"OH",39,4,"2011",0,87419,1,118525,1,205944,205945
"OH",39,4,"2012",0,73548,0,118967,0,192515,192515
"OH",39,4,"2013",0,67007,0,120576,0,187583,187583
"OH",39,4,"2014",0,60493,0,118094,0,178587,178587
"OK",40,4,"1980",0,15301,0,24458,0,39759,39759
"OK",40,4,"1984",0,14417,0,34489,0,48906,48906
"OK",40,4,"1985",0,13454,0,22700,0,36154,36154
"OK",40,4,"1986",0,14550,0,34551,0,49101,49101
"OK",40,4,"1987",0,15077,0,34205,0,49282,49282
"OK",40,4,"1988",0,15896,0,35113,0,51009,51009
"OK",40,4,"1989",0,16703,0,38398,0,55101,55101
"OK",40,4,"1990",0,21677,0,36863,0,58540,58540
"OK",40,4,"1991",0,35635,0,29711,0,65346,65346
"OK",40,4,"1992",0,29180,0,44743,0,73923,73923
"OK",40,4,"1993",0,22675,0,40635,0,63310,63310
"OK",40,4,"1994",0,23320,0,40301,0,63621,63621
"OK",40,4,"1995",0,24189,0,42243,0,66432,66432
"OK",40,4,"1996",0,21751,0,36588,0,58339,58339
"OK",40,4,"1997",0,22074,0,35866,0,57940,57940
"OK",40,4,"1998",0,22366,0,33907,0,56273,56273
"OK",40,4,"1999",0,22046,0,32758,0,54804,54804
"OK",40,4,"2000",0,22123,0,32794,0,54917,54917
"OK",40,4,"2001",0,24214,0,33293,0,57507,57507
"OK",40,4,"2002",0,26292,0,34297,0,60589,60589
"OK",40,4,"2003",0,28941,0,35886,0,64827,64827
"OK",40,4,"2004",0,29144,0,34816,0,63960,63960
"OK",40,4,"2005",0,28358,0,35286,0,63644,63644
"OK",40,4,"2006",0,28072,0,37964,0,66036,66036
"OK",40,4,"2007",0,28388,0,39910,0,68298,68298
"OK",40,4,"2008",0,28489,0,40721,0,69210,69210
"OK",40,4,"2009",0,32439,0,43673,0,76112,76112
"OK",40,4,"2010",0,33376,0,47087,0,80463,80463
"OK",40,4,"2011",0,32329,0,46627,0,78956,78956
"OK",40,4,"2012",0,30069,0,46125,0,76194,76194
"OK",40,4,"2013",0,27862,0,43302,0,71164,71164
"OK",40,4,"2014",0,26477,0,41625,0,68102,68102
"OR",41,4,"1980",0,27793,0,33808,0,61601,61601
"OR",41,4,"1984",0,25883,0,38755,0,64638,64638
"OR",41,4,"1985",0,23675,0,26185,0,49860,49860
"OR",41,4,"1986",0,23690,0,40605,0,64295,64295
"OR",41,4,"1987",0,23292,0,43550,0,66842,66842
"OR",41,4,"1988",0,25256,0,42919,0,68175,68175
"OR",41,4,"1989",0,26025,0,48511,0,74536,74536
"OR",41,4,"1990",0,27561,0,49266,0,76827,76827
"OR",41,4,"1991",0,27555,0,51727,0,79282,79282
"OR",41,4,"1992",0,29907,0,50141,0,80048,80048
"OR",41,4,"1993",0,29484,0,50755,0,80239,80239
"OR",41,4,"1994",0,27752,0,50624,0,78376,78376
"OR",41,4,"1995",0,23817,0,56744,0,80561,80561
"OR",41,4,"1996",0,25477,0,51539,0,77016,77016
"OR",41,4,"1997",0,25725,0,53012,0,78737,78737
"OR",41,4,"1998",0,26532,0,51196,0,77728,77728
"OR",41,4,"1999",0,27824,0,51388,0,79212,79212
"OR",41,4,"2000",0,27154,0,56434,0,83588,83588
"OR",41,4,"2001",0,30049,0,56441,0,86490,86490
"OR",41,4,"2002",0,32746,0,60561,0,93307,93307
"OR",41,4,"2003",0,32863,0,51352,0,84215,84215
"OR",41,4,"2004",0,33221,0,49639,0,82860,82860
"OR",41,4,"2005",0,31246,0,49267,0,80513,80513
"OR",41,4,"2006",0,30772,0,45966,0,76738,76738
"OR",41,4,"2007",0,31589,0,49087,0,80676,80676
"OR",41,4,"2008",0,38470,0,54370,0,92840,92840
"OR",41,4,"2009",0,48256,0,58985,0,107241,107241
"OR",41,4,"2010",0,50085,0,58798,0,108883,108883
"OR",41,4,"2011",0,50730,0,62083,0,112813,112813
"OR",41,4,"2012",0,48339,0,60739,0,109078,109078
"OR",41,4,"2013",0,45858,0,57319,0,103177,103177
"OR",41,4,"2014",0,41650,0,55560,0,97210,97210
"PA",42,4,"1980",0,25919,0,38953,0,64872,64872
"PA",42,4,"1984",0,27238,0,47888,0,75126,75126
"PA",42,4,"1985",0,26756,0,44388,0,71144,71144
"PA",42,4,"1986",0,21818,0,45227,0,67045,67045
"PA",42,4,"1987",0,22256,0,45717,0,67973,67973
"PA",42,4,"1988",0,31921,0,58669,0,90590,90590
"PA",42,4,"1989",0,34257,0,61946,0,96203,96203
"PA",42,4,"1990",0,36447,0,67417,0,103864,103864
"PA",42,4,"1991",0,39041,0,72698,0,111739,111739
"PA",42,4,"1992",0,41724,0,76449,0,118173,118173
"PA",42,4,"1993",0,40814,0,74912,0,115726,115726
"PA",42,4,"1994",0,39380,0,69306,0,108686,108686
"PA",42,4,"1995",0,37766,0,66479,0,104245,104245
"PA",42,4,"1996",0,36367,0,64103,0,100470,100470
"PA",42,4,"1997",0,35872,0,62992,0,98864,98864
"PA",42,4,"1998",0,36549,0,62040,0,98589,98589
"PA",42,4,"1999",0,36469,0,59871,0,96340,96340
"PA",42,4,"2000",0,36967,0,58440,0,95407,95407
"PA",42,4,"2001",0,39881,0,64152,0,104033,104033
"PA",42,4,"2002",0,43734,0,68327,0,112061,112061
"PA",42,4,"2003",0,47894,0,70669,0,118563,118563
"PA",42,4,"2004",0,49550,0,68974,0,118524,118524
"PA",42,4,"2005",0,47606,0,65865,0,113471,113471
"PA",42,4,"2006",0,48252,0,66053,0,114305,114305
"PA",42,4,"2007",0,49753,0,67775,0,117528,117528
"PA",42,4,"2008",0,52612,0,69037,0,121649,121649
"PA",42,4,"2009",0,64074,0,81475,0,145549,145549
"PA",42,4,"2010",0,62942,0,85415,0,148357,148357
"PA",42,4,"2011",0,56000,0,90690,0,146690,146690
"PA",42,4,"2012",0,52789,0,92022,0,144811,144811
"PA",42,4,"2013",0,50010,0,89393,0,139403,139403
"PA",42,4,"2014",0,47235,0,86826,0,134061,134061
"RI",44,4,"1980",0,4556,0,2488,0,7044,7044
"RI",44,4,"1984",0,3778,0,8539,0,12317,12317
"RI",44,4,"1985",0,3786,0,3531,0,7317,7317
"RI",44,4,"1986",0,4065,0,9031,0,13096,13096
"RI",44,4,"1987",0,4174,0,8933,0,13107,13107
"RI",44,4,"1988",0,4244,0,10471,0,14715,14715
"RI",44,4,"1989",0,4240,0,11160,0,15400,15400
"RI",44,4,"1990",0,5019,0,11601,0,16620,16620
"RI",44,4,"1991",0,5465,0,11865,0,17330,17330
"RI",44,4,"1992",0,5501,0,12485,0,17986,17986
"RI",44,4,"1993",0,4803,0,11596,0,16399,16399
"RI",44,4,"1994",0,4745,0,11256,0,16001,16001
"RI",44,4,"1995",0,4750,0,11139,0,15889,15889
"RI",44,4,"1996",0,4866,0,10370,0,15236,15236
"RI",44,4,"1997",0,4856,0,10364,0,15220,15220
"RI",44,4,"1998",0,4891,0,10475,0,15366,15366
"RI",44,4,"1999",0,4983,0,10627,0,15610,15610
"RI",44,4,"2000",0,5146,0,10437,0,15583,15583
"RI",44,4,"2001",0,5463,0,10760,0,16223,16223
"RI",44,4,"2002",0,5329,0,10600,0,15929,15929
"RI",44,4,"2003",0,5681,0,10542,0,16223,16223
"RI",44,4,"2004",0,5731,0,10562,0,16293,16293
"RI",44,4,"2005",0,5765,0,10277,0,16042,16042
"RI",44,4,"2006",0,6127,0,10246,0,16373,16373
"RI",44,4,"2007",0,6310,0,10501,0,16811,16811
"RI",44,4,"2008",0,6519,0,11093,0,17612,17612
"RI",44,4,"2009",0,6663,0,11097,0,17760,17760
"RI",44,4,"2010",0,6231,0,11544,0,17775,17775
"RI",44,4,"2011",0,6094,0,11799,0,17893,17893
"RI",44,4,"2012",0,5857,0,12027,0,17884,17884
"RI",44,4,"2013",0,5459,0,12240,0,17699,17699
"RI",44,4,"2014",0,5272,0,12281,0,17553,17553
"SC",45,4,"1980",0,22521,0,13330,0,35851,35851
"SC",45,4,"1984",0,19614,0,16180,0,35794,35794
"SC",45,4,"1985",0,18861,0,13380,0,32241,32241
"SC",45,4,"1986",0,19140,0,18036,0,37176,37176
"SC",45,4,"1987",0,18743,0,18922,0,37665,37665
"SC",45,4,"1988",0,20074,0,19590,0,39664,39664
"SC",45,4,"1989",0,19499,0,18878,0,38377,38377
"SC",45,4,"1990",0,24385,0,24550,0,48935,48935
"SC",45,4,"1991",0,26815,0,24197,0,51012,51012
"SC",45,4,"1992",0,24847,0,32580,0,57427,57427
"SC",45,4,"1993",0,25040,0,34439,0,59479,59479
"SC",45,4,"1994",0,25289,0,34760,0,60049,60049
"SC",45,4,"1995",0,25266,0,34480,0,59746,59746
"SC",45,4,"1996",0,25471,0,34493,0,59964,59964
"SC",45,4,"1997",0,26136,0,35072,0,61208,61208
"SC",45,4,"1998",0,26274,0,37063,0,63337,63337
"SC",45,4,"1999",0,27635,0,37617,0,65252,65252
"SC",45,4,"2000",0,27984,0,39092,0,67076,67076
"SC",45,4,"2001",0,27977,0,42349,0,70326,70326
"SC",45,4,"2002",0,33995,0,41086,0,75081,75081
"SC",45,4,"2003",0,35553,0,43092,0,78645,78645
"SC",45,4,"2004",0,36028,0,42854,0,78882,78882
"SC",45,4,"2005",0,36030,0,42853,0,78883,78883
"SC",45,4,"2006",0,36545,0,43293,0,79838,79838
"SC",45,4,"2007",0,38092,0,45274,0,83366,83366
"SC",45,4,"2008",0,40350,0,48153,0,88503,88503
"SC",45,4,"2009",0,47701,0,50996,0,98697,98697
"SC",45,4,"2010",0,49091,0,52789,0,101880,101880
"SC",45,4,"2011",0,47258,0,55469,0,102727,102727
"SC",45,4,"2012",0,45915,0,56045,0,101960,101960
"SC",45,4,"2013",0,44267,0,55717,0,99984,99984
"SC",45,4,"2014",0,42180,0,53917,0,96097,96097
"SD",46,4,"1980",0,0,0,0,0,0,0
"SD",46,4,"1984",0,0,0,0,0,0,0
"SD",46,4,"1985",0,0,0,0,0,0,0
"SD",46,4,"1986",0,1229,0,0,0,1229,1229
"SD",46,4,"1987",0,2518,0,57,0,2575,2575
"SD",46,4,"1988",0,2215,0,104,0,2319,2319
"SD",46,4,"1989",0,2271,0,170,0,2441,2441
"SD",46,4,"1990",0,2340,0,410,0,2750,2750
"SD",46,4,"1991",0,2551,0,329,0,2880,2880
"SD",46,4,"1992",0,2769,0,433,0,3202,3202
"SD",46,4,"1993",0,3052,0,583,0,3635,3635
"SD",46,4,"1994",0,3298,0,796,0,4094,4094
"SD",46,4,"1995",0,3913,0,373,0,4286,4286
"SD",46,4,"1996",0,3335,0,1110,0,4445,4445
"SD",46,4,"1997",0,3674,0,1091,0,4765,4765
"SD",46,4,"1998",0,4032,0,1252,0,5284,5284
"SD",46,4,"1999",0,4131,0,1221,0,5352,5352
"SD",46,4,"2000",0,3798,0,1177,0,4975,4975
"SD",46,4,"2001",0,4117,0,1173,0,5290,5290
"SD",46,4,"2002",0,4303,0,1148,0,5451,5451
"SD",46,4,"2003",0,4368,0,1123,0,5491,5491
"SD",46,4,"2004",0,4354,0,1028,0,5382,5382
"SD",46,4,"2005",0,4564,0,921,0,5485,5485
"SD",46,4,"2006",0,4552,0,866,0,5418,5418
"SD",46,4,"2007",0,4335,0,992,0,5327,5327
"SD",46,4,"2008",0,4271,0,976,0,5247,5247
"SD",46,4,"2009",0,5144,0,1029,0,6173,6173
"SD",46,4,"2010",0,5395,0,1043,0,6438,6438
"SD",46,4,"2011",0,5138,0,1204,0,6342,6342
"SD",46,4,"2012",0,4990,0,1357,0,6347,6347
"SD",46,4,"2013",0,4913,0,1540,0,6453,6453
"SD",46,4,"2014",0,4626,0,1610,0,6236,6236
"TN",47,4,"1980",0,16541,0,21639,0,38180,38180
"TN",47,4,"1984",0,16476,0,25847,0,42323,42323
"TN",47,4,"1985",0,14904,0,18013,0,32917,32917
"TN",47,4,"1986",0,16892,0,25991,0,42883,42883
"TN",47,4,"1987",0,18636,0,27264,0,45900,45900
"TN",47,4,"1988",0,20524,0,27346,0,47870,47870
"TN",47,4,"1989",0,23326,0,30550,0,53876,53876
"TN",47,4,"1990",0,29277,0,36279,0,65556,65556
"TN",47,4,"1991",0,34184,0,37434,0,71618,71618
"TN",47,4,"1992",0,34782,0,40259,0,75041,75041
"TN",47,4,"1993",0,33745,0,41365,0,75110,75110
"TN",47,4,"1994",0,33118,0,40842,0,73960,73960
"TN",47,4,"1995",0,33127,0,41533,0,74660,74660
"TN",47,4,"1996",0,34455,0,41783,0,76238,76238
"TN",47,4,"1997",0,35196,0,39840,0,75036,75036
"TN",47,4,"1998",0,35795,0,39376,0,75171,75171
"TN",47,4,"1999",0,36133,0,38719,0,74852,74852
"TN",47,4,"2000",0,38171,0,43945,0,82116,82116
"TN",47,4,"2001",0,42601,0,43860,0,86461,86461
"TN",47,4,"2002",0,43087,0,41051,0,84138,84138
"TN",47,4,"2003",0,44261,0,40674,0,84935,84935
"TN",47,4,"2004",0,45218,0,39266,0,84484,84484
"TN",47,4,"2005",0,44539,0,40366,0,84905,84905
"TN",47,4,"2006",0,45020,0,41098,0,86118,86118
"TN",47,4,"2007",0,44718,0,41629,0,86347,86347
"TN",47,4,"2008",0,45941,0,44121,0,90062,90062
"TN",47,4,"2009",0,56533,0,48750,0,105283,105283
"TN",47,4,"2010",0,56981,0,52901,0,109882,109882
"TN",47,4,"2011",0,53092,0,54048,0,107140,107140
"TN",47,4,"2012",0,49530,0,53351,0,102881,102881
"TN",47,4,"2013",0,46936,0,53465,0,100401,100401
"TN",47,4,"2014",0,45376,0,52473,0,97849,97849
"TX",48,4,"1980",0,85655,0,121732,0,207387,207387
"TX",48,4,"1984",0,90194,0,188984,0,279178,279178
"TX",48,4,"1985",0,83958,0,154028,0,237986,237986
"TX",48,4,"1986",0,93088,11,168887,11,261975,261986
"TX",48,4,"1987",0,104846,0,195605,0,300451,300451
"TX",48,4,"1988",0,115705,0,223649,0,339354,339354
"TX",48,4,"1989",0,118438,0,231700,0,350138,350138
"TX",48,4,"1990",0,123065,0,238677,0,361742,361742
"TX",48,4,"1991",0,129032,0,243552,0,372584,372584
"TX",48,4,"1992",0,136584,0,249913,0,386497,386497
"TX",48,4,"1993",0,137736,0,251605,0,389341,389341
"TX",48,4,"1994",0,137733,0,258470,0,396203,396203
"TX",48,4,"1995",0,136843,0,257360,0,394203,394203
"TX",48,4,"1996",0,139851,0,256890,0,396741,396741
"TX",48,4,"1997",0,144828,0,257972,0,402800,402800
"TX",48,4,"1998",0,147419,0,252322,0,399741,399741
"TX",48,4,"1999",0,151760,0,252170,0,403930,403930
"TX",48,4,"2000",0,156693,0,264975,0,421668,421668
"TX",48,4,"2001",0,169932,0,280351,0,450283,450283
"TX",48,4,"2002",0,184598,0,313729,0,498327,498327
"TX",48,4,"2003",0,196307,0,321121,0,517428,517428
"TX",48,4,"2004",0,193904,0,346853,0,540757,540757
"TX",48,4,"2005",0,198492,0,344999,0,543491,543491
"TX",48,4,"2006",0,192938,0,354252,0,547190,547190
"TX",48,4,"2007",0,197535,0,356369,0,553904,553904
"TX",48,4,"2008",0,205870,0,387237,0,593107,593107
"TX",48,4,"2009",0,233251,0,429383,0,662634,662634
"TX",48,4,"2010",0,247816,0,462242,0,710058,710058
"TX",48,4,"2011",0,243426,0,485107,0,728533,728533
"TX",48,4,"2012",0,228760,0,476461,0,705221,705221
"TX",48,4,"2013",0,220138,0,475463,0,695601,695601
"TX",48,4,"2014",0,212342,0,477950,0,690292,690292
"UT",49,4,"1980",0,2568,0,3385,0,5953,5953
"UT",49,4,"1984",0,3458,0,4831,0,8289,8289
"UT",49,4,"1985",0,3590,0,4716,0,8306,8306
"UT",49,4,"1986",0,0,0,0,0,0,0
"UT",49,4,"1987",0,3608,0,5828,0,9436,9436
"UT",49,4,"1988",0,3729,0,5319,0,9048,9048
"UT",49,4,"1989",0,4318,0,6685,0,11003,11003
"UT",49,4,"1990",0,7106,0,10608,0,17714,17714
"UT",49,4,"1991",0,7005,0,13259,0,20264,20264
"UT",49,4,"1992",0,7591,0,12673,0,20264,20264
"UT",49,4,"1993",0,8117,0,14803,0,22920,22920
"UT",49,4,"1994",0,8058,0,16024,0,24082,24082
"UT",49,4,"1995",0,8094,0,15738,0,23832,23832
"UT",49,4,"1996",0,8386,0,16898,0,25284,25284
"UT",49,4,"1997",0,9024,0,18663,0,27687,27687
"UT",49,4,"1998",0,7624,0,15002,0,22626,22626
"UT",49,4,"1999",0,7388,0,16950,0,24338,24338
"UT",49,4,"2000",0,7596,0,15859,0,23455,23455
"UT",49,4,"2001",0,8691,0,18391,0,27082,27082
"UT",49,4,"2002",0,9754,0,16506,0,26260,26260
"UT",49,4,"2003",0,10328,0,17031,0,27359,27359
"UT",49,4,"2004",0,9861,0,18535,0,28396,28396
"UT",49,4,"2005",0,9107,0,20447,0,29554,29554
"UT",49,4,"2006",0,8795,0,22900,0,31695,31695
"UT",49,4,"2007",0,9865,0,23719,0,33584,33584
"UT",49,4,"2008",0,10494,0,27032,0,37526,37526
"UT",49,4,"2009",0,13169,0,30491,0,43660,43660
"UT",49,4,"2010",0,12852,0,30734,0,43586,43586
"UT",49,4,"2011",0,11635,0,31198,0,42833,42833
"UT",49,4,"2012",0,11183,0,28594,0,39777,39777
"UT",49,4,"2013",0,10255,0,29694,0,39949,39949
"UT",49,4,"2014",0,9487,0,29899,0,39386,39386
"VT",50,4,"1980",0,61,0,549,0,610,610
"VT",50,4,"1984",0,116,0,2228,0,2344,2344
"VT",50,4,"1985",0,79,0,1032,0,1111,1111
"VT",50,4,"1986",0,147,0,2840,0,2987,2987
"VT",50,4,"1987",0,132,0,3121,0,3253,3253
"VT",50,4,"1988",0,130,0,3335,0,3465,3465
"VT",50,4,"1989",0,170,0,3711,0,3881,3881
"VT",50,4,"1990",0,210,0,3685,0,3895,3895
"VT",50,4,"1991",0,281,0,4045,0,4326,4326
"VT",50,4,"1992",0,348,0,4379,0,4727,4727
"VT",50,4,"1993",0,378,0,4375,0,4753,4753
"VT",50,4,"1994",0,420,0,4212,0,4632,4632
"VT",50,4,"1995",0,495,0,4140,0,4635,4635
"VT",50,4,"1996",0,611,0,3950,0,4561,4561
"VT",50,4,"1997",0,614,0,3879,0,4493,4493
"VT",50,4,"1998",0,585,0,4073,0,4658,4658
"VT",50,4,"1999",0,641,0,4117,0,4758,4758
"VT",50,4,"2000",0,547,0,3865,0,4412,4412
"VT",50,4,"2001",0,699,0,3918,0,4617,4617
"VT",50,4,"2002",0,771,0,4211,0,4982,4982
"VT",50,4,"2003",0,807,0,4537,0,5344,5344
"VT",50,4,"2004",0,936,0,4683,0,5619,5619
"VT",50,4,"2005",0,961,0,4554,0,5515,5515
"VT",50,4,"2006",0,1001,0,4592,0,5593,5593
"VT",50,4,"2007",0,1015,0,4593,0,5608,5608
"VT",50,4,"2008",0,1094,0,4638,0,5732,5732
"VT",50,4,"2009",0,1283,0,5016,0,6299,6299
"VT",50,4,"2010",0,1283,0,5455,0,6738,6738
"VT",50,4,"2011",0,1146,0,5432,0,6578,6578
"VT",50,4,"2012",0,1045,0,5266,0,6311,6311
"VT",50,4,"2013",0,967,0,5233,0,6200,6200
"VT",50,4,"2014",0,866,0,5153,0,6019,6019
"VA",51,4,"1980",0,21898,0,27552,0,49450,49450
"VA",51,4,"1984",0,27867,0,78800,0,106667,106667
"VA",51,4,"1985",0,20858,0,41842,0,62700,62700
"VA",51,4,"1986",0,27773,0,89968,0,117741,117741
"VA",51,4,"1987",0,30457,0,93537,0,123994,123994
"VA",51,4,"1988",0,30892,0,85315,0,116207,116207
"VA",51,4,"1989",0,34224,0,95140,0,129364,129364
"VA",51,4,"1990",0,35549,0,95537,0,131086,131086
"VA",51,4,"1991",0,36830,0,98045,0,134875,134875
"VA",51,4,"1992",0,37037,0,97067,0,134104,134104
"VA",51,4,"1993",0,37015,0,94228,0,131243,131243
"VA",51,4,"1994",0,35827,0,94906,0,130733,130733
"VA",51,4,"1995",0,35504,0,92841,0,128345,128345
"VA",51,4,"1996",0,34465,0,90138,0,124603,124603
"VA",51,4,"1997",0,35456,0,94956,0,130412,130412
"VA",51,4,"1998",0,37258,0,95273,0,132531,132531
"VA",51,4,"1999",0,39169,0,97092,0,136261,136261
"VA",51,4,"2000",0,39995,0,98044,0,138039,138039
"VA",51,4,"2001",0,43228,0,102737,0,145965,145965
"VA",51,4,"2002",0,46852,0,104453,0,151305,151305
"VA",51,4,"2003",0,48959,0,104636,0,153595,153595
"VA",51,4,"2004",0,48542,0,105184,0,153726,153726
"VA",51,4,"2005",0,48994,0,105973,0,154967,154967
"VA",51,4,"2006",0,50824,0,109752,0,160576,160576
"VA",51,4,"2007",0,54270,0,114295,0,168565,168565
"VA",51,4,"2008",0,57112,0,120009,0,177121,177121
"VA",51,4,"2009",0,67744,0,123110,0,190854,190854
"VA",51,4,"2010",0,70635,0,126369,0,197004,197004
"VA",51,4,"2011",0,70879,0,127976,0,198855,198855
"VA",51,4,"2012",0,67370,0,127057,0,194427,194427
"VA",51,4,"2013",0,66654,0,123891,0,190545,190545
"VA",51,4,"2014",0,63774,0,121194,0,184968,184968
"WA",53,4,"1980",0,25457,0,8953,0,34410,34410
"WA",53,4,"1984",0,28221,0,29833,0,58054,58054
"WA",53,4,"1985",0,27569,0,23906,0,51475,51475
"WA",53,4,"1986",0,31132,0,48196,0,79328,79328
"WA",53,4,"1987",0,30962,0,49272,0,80234,80234
"WA",53,4,"1988",0,32687,0,51014,0,83701,83701
"WA",53,4,"1989",0,36181,0,48586,0,84767,84767
"WA",53,4,"1990",0,35470,0,51704,0,87174,87174
"WA",53,4,"1991",0,36151,0,52580,0,88731,88731
"WA",53,4,"1992",0,36892,0,50906,0,87798,87798
"WA",53,4,"1993",0,43704,0,54498,0,98202,98202
"WA",53,4,"1994",0,43179,0,55236,0,98415,98415
"WA",53,4,"1995",0,43510,0,54341,0,97851,97851
"WA",53,4,"1996",0,45390,0,55070,0,100460,100460
"WA",53,4,"1997",0,45295,0,56817,0,102112,102112
"WA",53,4,"1998",0,43712,0,52810,0,96522,96522
"WA",53,4,"1999",0,45736,0,53990,0,99726,99726
"WA",53,4,"2000",0,46188,0,54041,0,100229,100229
"WA",53,4,"2001",0,48265,0,51956,0,100221,100221
"WA",53,4,"2002",0,50588,0,53239,0,103827,103827
"WA",53,4,"2003",0,51795,0,54418,0,106213,106213
"WA",53,4,"2004",0,49278,0,51412,0,100690,100690
"WA",53,4,"2005",0,48405,0,55770,0,104175,104175
"WA",53,4,"2006",0,47518,0,56190,0,103708,103708
"WA",53,4,"2007",0,47818,0,56026,0,103844,103844
"WA",53,4,"2008",0,51533,0,59228,0,110761,110761
"WA",53,4,"2009",0,58342,0,57104,0,115446,115446
"WA",53,4,"2010",0,60818,0,58223,0,119041,119041
"WA",53,4,"2011",0,57658,0,51634,0,109292,109292
"WA",53,4,"2012",0,57381,0,48535,0,105916,105916
"WA",53,4,"2013",0,55812,0,47457,0,103269,103269
"WA",53,4,"2014",0,55064,0,47076,0,102140,102140
"WV",54,4,"1980",0,1368,0,3428,0,4796,4796
"WV",54,4,"1984",0,1893,0,4006,0,5899,5899
"WV",54,4,"1985",0,1869,0,3280,0,5149,5149
"WV",54,4,"1986",0,2157,0,3219,0,5376,5376
"WV",54,4,"1987",0,2201,0,3342,0,5543,5543
"WV",54,4,"1988",0,2241,0,3150,0,5391,5391
"WV",54,4,"1989",0,2378,0,3148,0,5526,5526
"WV",54,4,"1990",0,2717,0,3208,0,5925,5925
"WV",54,4,"1991",0,2963,0,3258,0,6221,6221
"WV",54,4,"1992",0,2890,0,3319,0,6209,6209
"WV",54,4,"1993",0,2917,0,3218,0,6135,6135
"WV",54,4,"1994",0,3007,0,3145,0,6152,6152
"WV",54,4,"1995",0,2897,0,2920,0,5817,5817
"WV",54,4,"1996",0,2780,0,2831,0,5611,5611
"WV",54,4,"1997",0,2675,0,2647,0,5322,5322
"WV",54,4,"1998",0,2733,0,2928,0,5661,5661
"WV",54,4,"1999",0,2597,0,2822,0,5419,5419
"WV",54,4,"2000",0,2488,0,2852,0,5340,5340
"WV",54,4,"2001",0,2574,0,3370,0,5944,5944
"WV",54,4,"2002",0,3057,0,3103,0,6160,6160
"WV",54,4,"2003",0,4987,0,4619,0,9606,9606
"WV",54,4,"2004",0,6641,0,5541,0,12182,12182
"WV",54,4,"2005",0,7586,0,8008,0,15594,15594
"WV",54,4,"2006",0,7671,0,7775,0,15446,15446
"WV",54,4,"2007",0,7739,0,8268,0,16007,16007
"WV",54,4,"2008",8,7942,13,8341,21,16283,16304
"WV",54,4,"2009",0,9602,0,9153,0,18755,18755
"WV",54,4,"2010",0,10499,0,9601,0,20100,20100
"WV",54,4,"2011",0,9899,0,10374,0,20273,20273
"WV",54,4,"2012",0,9444,0,9254,0,18698,18698
"WV",54,4,"2013",0,8827,0,9136,0,17963,17963
"WV",54,4,"2014",0,9121,0,10204,0,19325,19325
"WI",55,4,"1980",0,32711,0,28329,0,61040,61040
"WI",55,4,"1984",0,34286,0,42984,0,77270,77270
"WI",55,4,"1985",0,31711,0,23589,0,55300,55300
"WI",55,4,"1986",0,38971,0,40945,0,79916,79916
"WI",55,4,"1987",0,32743,0,45343,0,78086,78086
"WI",55,4,"1988",0,33430,0,46920,0,80350,80350
"WI",55,4,"1989",0,31718,0,51489,0,83207,83207
"WI",55,4,"1990",0,34588,0,54121,0,88709,88709
"WI",55,4,"1991",0,32275,0,62021,0,94296,94296
"WI",55,4,"1992",0,33769,0,62337,0,96106,96106
"WI",55,4,"1993",0,32271,0,64046,0,96317,96317
"WI",55,4,"1994",0,31718,0,63847,0,95565,95565
"WI",55,4,"1995",0,30690,0,63566,0,94256,94256
"WI",55,4,"1996",0,30357,0,61648,0,92005,92005
"WI",55,4,"1997",0,29146,0,59126,0,88272,88272
"WI",55,4,"1998",0,29501,0,66231,0,95732,95732
"WI",55,4,"1999",0,28866,0,60381,0,89247,89247
"WI",55,4,"2000",0,28187,0,59855,0,88042,88042
"WI",55,4,"2001",0,31979,0,62365,0,94344,94344
"WI",55,4,"2002",0,33772,0,68084,0,101856,101856
"WI",55,4,"2003",0,35340,0,66342,0,101682,101682
"WI",55,4,"2004",0,35581,0,66511,0,102092,102092
"WI",55,4,"2005",0,34736,0,66496,0,101232,101232
"WI",55,4,"2006",0,34283,0,66107,0,100390,100390
"WI",55,4,"2007",0,36256,0,62441,0,98697,98697
"WI",55,4,"2008",0,37614,0,66333,0,103947,103947
"WI",55,4,"2009",0,44161,0,69199,0,113360,113360
"WI",55,4,"2010",0,45057,0,71034,0,116091,116091
"WI",55,4,"2011",0,41064,0,73091,0,114155,114155
"WI",55,4,"2012",0,38358,0,72621,0,110979,110979
"WI",55,4,"2013",0,37040,0,71681,0,108721,108721
"WI",55,4,"2014",0,33815,0,69958,0,103773,103773
"WY",56,4,"1980",0,4420,0,3021,0,7441,7441
"WY",56,4,"1984",0,5487,0,7850,0,13337,13337
"WY",56,4,"1985",0,5311,0,5316,0,10627,10627
"WY",56,4,"1986",0,5472,0,8283,0,13755,13755
"WY",56,4,"1987",0,6175,0,8865,0,15040,15040
"WY",56,4,"1988",0,6167,0,8971,0,15138,15138
"WY",56,4,"1989",0,6562,0,9656,0,16218,16218
"WY",56,4,"1990",0,6992,0,11114,0,18106,18106
"WY",56,4,"1991",0,7691,0,10914,0,18605,18605
"WY",56,4,"1992",0,7583,0,11060,0,18643,18643
"WY",56,4,"1993",0,8014,0,9976,0,17990,17990
"WY",56,4,"1994",0,7946,0,10047,0,17993,17993
"WY",56,4,"1995",0,8081,0,9978,0,18059,18059
"WY",56,4,"1996",0,8116,0,10627,0,18743,18743
"WY",56,4,"1997",0,7809,0,10572,0,18381,18381
"WY",56,4,"1998",0,7607,0,10026,0,17633,17633
"WY",56,4,"1999",0,7498,0,9506,0,17004,17004
"WY",56,4,"2000",0,7363,0,9609,0,16972,16972
"WY",56,4,"2001",0,7344,0,9835,0,17179,17179
"WY",56,4,"2002",0,7604,0,10317,0,17921,17921
"WY",56,4,"2003",0,8015,0,10521,0,18536,18536
"WY",56,4,"2004",0,8108,0,10282,0,18390,18390
"WY",56,4,"2005",0,8087,0,11398,0,19485,19485
"WY",56,4,"2006",0,8051,0,11606,0,19657,19657
"WY",56,4,"2007",0,8268,0,12562,0,20830,20830
"WY",56,4,"2008",0,8520,0,13839,0,22359,22359
"WY",56,4,"2009",0,9801,0,13380,0,23181,23181
"WY",56,4,"2010",0,10274,0,13107,0,23381,23381
"WY",56,4,"2011",0,9744,0,13699,0,23443,23443
"WY",56,4,"2012",0,9523,0,13433,0,22956,22956
"WY",56,4,"2013",0,9178,0,13591,0,22769,22769
"WY",56,4,"2014",0,8477,0,13019,0,21496,21496
,64,4,"1980",0,172,0,50,0,222,222
,64,4,"1984",0,232,0,102,0,334,334
,64,4,"1985",0,247,0,0,0,247,247
,64,4,"1986",0,236,0,96,0,332,332
,64,4,"1987",0,271,0,84,0,355,355
,64,4,"1988",0,335,0,503,0,838,838
,64,4,"1989",0,335,0,503,0,838,838
,64,4,"1990",0,334,0,641,0,975,975
,64,4,"1991",0,476,0,361,0,837,837
,64,4,"1992",0,519,0,509,0,1028,1028
,64,4,"1993",0,539,0,609,0,1148,1148
,64,4,"1994",0,871,0,503,0,1374,1374
,64,4,"1995",0,782,0,63,0,845,845
,64,4,"1996",0,707,0,70,0,777,777
,64,4,"1997",0,710,0,72,0,782,782
,64,4,"1998",0,162,0,24,0,186,186
,64,4,"1999",0,687,0,87,0,774,774
,64,4,"2000",0,699,0,117,0,816,816
,64,4,"2001",0,988,0,229,0,1217,1217
,64,4,"2002",0,1023,0,233,0,1256,1256
,64,4,"2003",0,1101,0,257,0,1358,1358
,64,4,"2004",0,1266,0,262,0,1528,1528
,64,4,"2005",0,1553,0,730,0,2283,2283
,64,4,"2006",0,1707,0,832,0,2539,2539
,64,4,"2007",0,1760,0,619,0,2379,2379
,64,4,"2008",0,1867,0,590,0,2457,2457
,64,4,"2009",0,2008,0,1393,0,3401,3401
,64,4,"2010",0,2012,0,687,0,2699,2699
,64,4,"2011",0,2020,0,895,0,2915,2915
,64,4,"2012",0,1782,0,962,0,2744,2744
,64,4,"2013",0,1630,0,816,0,2446,2446
,64,4,"2014",0,1604,0,740,0,2344,2344
,66,4,"1980",0,0,0,0,0,0,0
,66,4,"1984",0,384,0,1356,0,1740,1740
,66,4,"1985",0,324,0,509,0,833,833
,66,4,"1986",0,457,0,1364,0,1821,1821
,66,4,"1987",0,330,0,1532,0,1862,1862
,66,4,"1988",0,298,0,1425,0,1723,1723
,66,4,"1989",0,301,0,1664,0,1965,1965
,66,4,"1990",0,291,0,1859,0,2150,2150
,66,4,"1991",0,275,0,1755,0,2030,2030
,66,4,"1992",0,183,0,1506,0,1689,1689
,66,4,"1993",0,288,0,1858,0,2146,2146
,66,4,"1994",0,374,0,2011,0,2385,2385
,66,4,"1995",0,363,0,1993,0,2356,2356
,66,4,"1996",0,387,0,1565,0,1952,1952
,66,4,"1997",0,410,0,1570,0,1980,1980
,66,4,"1998",0,423,0,1587,0,2010,2010
,66,4,"1999",0,402,0,1431,0,1833,1833
,66,4,"2000",0,350,0,1273,0,1623,1623
,66,4,"2001",0,373,0,1232,0,1605,1605
,66,4,"2002",0,545,0,1341,0,1886,1886
,66,4,"2003",0,415,0,1143,0,1558,1558
,66,4,"2004",0,465,0,1082,0,1547,1547
,66,4,"2005",0,504,0,2337,0,2841,2841
,66,4,"2006",0,403,0,2024,0,2427,2427
,66,4,"2007",0,689,0,1106,0,1795,1795
,66,4,"2008",0,687,0,1128,0,1815,1815
,66,4,"2009",0,631,0,1480,0,2111,2111
,66,4,"2010",0,899,0,1565,0,2464,2464
,66,4,"2011",0,866,0,1687,0,2553,2553
,66,4,"2012",0,798,0,1378,0,2176,2176
,66,4,"2013",0,1021,0,1582,0,2603,2603
,66,4,"2014",0,989,0,1469,0,2458,2458
,68,4,"1980",0,0,0,0,0,0,0
,68,4,"1984",0,0,0,0,0,0,0
,68,4,"1985",0,0,0,0,0,0,0
,68,4,"1986",0,0,0,0,0,0,0
,68,4,"1987",0,0,0,0,0,0,0
,68,4,"1988",0,0,0,0,0,0,0
,68,4,"1989",0,0,0,0,0,0,0
,68,4,"1990",0,0,0,0,0,0,0
,68,4,"1991",0,0,0,0,0,0,0
,68,4,"1992",0,257,0,117,0,374,374
,68,4,"1993",0,368,0,18,0,386,386
,68,4,"1994",0,168,0,256,0,424,424
,68,4,"1995",0,164,0,254,0,418,418
,68,4,"1996",0,234,0,197,0,431,431
,68,4,"1997",0,278,0,181,0,459,459
,68,4,"1998",0,347,0,166,0,513,513
,68,4,"1999",0,379,0,237,0,616,616
,68,4,"2000",0,84,0,244,0,328,328
,68,4,"2001",0,212,0,8,0,220,220
,68,4,"2002",0,216,0,8,0,224,224
,68,4,"2003",0,442,0,159,0,601,601
,68,4,"2004",0,498,0,125,0,623,623
,68,4,"2005",0,473,0,131,0,604,604
,68,4,"2006",0,527,0,120,0,647,647
,68,4,"2007",0,327,0,230,0,557,557
,68,4,"2008",0,386,0,303,0,689,689
,68,4,"2009",0,554,0,293,0,847,847
,68,4,"2010",0,674,0,195,0,869,869
,68,4,"2011",0,821,0,168,0,989,989
,68,4,"2012",0,774,0,349,0,1123,1123
,68,4,"2013",0,673,0,327,0,1000,1000
,68,4,"2014",0,784,0,303,0,1087,1087
,70,4,"1980",0,0,0,0,0,0,0
,70,4,"1984",0,410,0,52,0,462,462
,70,4,"1985",0,410,0,40,0,450,450
,70,4,"1986",0,411,0,52,0,463,463
,70,4,"1987",0,416,0,452,0,868,868
,70,4,"1988",0,411,0,52,0,463,463
,70,4,"1989",0,735,0,302,0,1037,1037
,70,4,"1990",0,388,0,103,0,491,491
,70,4,"1991",0,285,0,70,0,355,355
,70,4,"1992",0,350,0,95,0,445,445
,70,4,"1993",0,347,0,89,0,436,436
,70,4,"1994",0,334,0,69,0,403,403
,70,4,"1995",0,268,0,83,0,351,351
,70,4,"1996",0,255,0,77,0,332,332
,70,4,"1997",0,269,0,61,0,330,330
,70,4,"1998",0,299,0,125,0,424,424
,70,4,"1999",0,376,0,193,0,569,569
,70,4,"2000",0,384,0,197,0,581,581
,70,4,"2001",0,384,0,195,0,579,579
,70,4,"2002",0,470,0,198,0,668,668
,70,4,"2003",0,470,0,257,0,727,727
,70,4,"2004",0,429,0,222,0,651,651
,70,4,"2005",0,431,0,220,0,651,651
,70,4,"2006",0,452,0,227,0,679,679
,70,4,"2007",0,475,0,193,0,668,668
,70,4,"2008",0,295,0,207,0,502,502
,70,4,"2009",0,392,0,259,0,651,651
,70,4,"2010",0,463,0,231,0,694,694
,70,4,"2011",0,508,0,234,0,742,742
,70,4,"2012",0,423,0,257,0,680,680
,70,4,"2013",0,417,0,229,0,646,646
,70,4,"2014",0,368,0,236,0,604,604
"PR",72,4,"1980",0,0,0,0,0,0,0
"PR",72,4,"1984",0,0,0,0,0,0,0
"PR",72,4,"1985",0,0,0,0,0,0,0
"PR",72,4,"1986",0,958,0,41,0,999,999
"PR",72,4,"1987",0,1671,0,164,0,1835,1835
"PR",72,4,"1988",0,1704,0,41,0,1745,1745
"PR",72,4,"1989",0,1793,0,126,0,1919,1919
"PR",72,4,"1990",0,1816,0,176,0,1992,1992
"PR",72,4,"1991",0,1715,0,277,0,1992,1992
"PR",72,4,"1992",0,1976,0,318,0,2294,2294
"PR",72,4,"1993",0,1747,0,427,0,2174,2174
"PR",72,4,"1994",0,2326,0,130,0,2456,2456
"PR",72,4,"1995",0,2520,0,242,0,2762,2762
"PR",72,4,"1996",0,1893,0,244,0,2137,2137
"PR",72,4,"1997",0,0,0,0,0,0,0
"PR",72,4,"1998",0,1768,0,135,0,1903,1903
"PR",72,4,"1999",0,1584,0,255,0,1839,1839
"PR",72,4,"2000",0,2368,0,364,0,2732,2732
"PR",72,4,"2001",0,2273,0,359,0,2632,2632
"PR",72,4,"2002",0,2285,0,468,0,2753,2753
"PR",72,4,"2003",0,2307,0,404,0,2711,2711
"PR",72,4,"2004",0,2612,0,348,0,2960,2960
"PR",72,4,"2005",0,2700,0,380,0,3080,3080
"PR",72,4,"2006",0,2453,0,486,0,2939,2939
"PR",72,4,"2007",0,2551,0,492,0,3043,3043
"PR",72,4,"2008",0,2585,0,587,0,3172,3172
"PR",72,4,"2009",0,2704,0,532,0,3236,3236
"PR",72,4,"2010",0,2446,0,526,0,2972,2972
"PR",72,4,"2011",0,2630,0,441,0,3071,3071
"PR",72,4,"2012",0,2851,0,421,0,3272,3272
"PR",72,4,"2013",0,2644,0,366,0,3010,3010
"PR",72,4,"2014",0,2381,0,315,0,2696,2696
"AL",1,5,"1980",0,0,0,0,0,0,0
"AL",1,5,"1984",0,0,0,0,0,0,0
"AL",1,5,"1985",0,0,0,0,0,0,0
"AL",1,5,"1986",0,0,0,0,0,0,0
"AL",1,5,"1987",0,0,0,0,0,0,0
"AL",1,5,"1988",0,0,0,0,0,0,0
"AL",1,5,"1989",0,0,0,0,0,0,0
"AL",1,5,"1990",0,0,0,0,0,0,0
"AL",1,5,"1991",0,565,0,0,0,565,565
"AL",1,5,"1992",0,413,0,0,0,413,413
"AL",1,5,"1993",0,439,0,0,0,439,439
"AL",1,5,"1994",429,0,0,0,429,0,429
"AL",1,5,"1995",0,516,0,0,0,516,516
"AL",1,5,"1996",0,617,0,0,0,617,617
"AL",1,5,"1997",0,719,0,0,0,719,719
"AL",1,5,"1998",0,893,0,0,0,893,893
"AL",1,5,"1999",0,588,0,0,0,588,588
"AL",1,5,"2000",0,578,0,0,0,578,578
"AL",1,5,"2001",0,667,0,0,0,667,667
"AL",1,5,"2002",0,454,0,0,0,454,454
"AL",1,5,"2003",0,475,0,0,0,475,475
"AL",1,5,"2004",0,303,0,0,0,303,303
"AL",1,5,"2005",0,351,0,0,0,351,351
"AL",1,5,"2006",0,556,0,0,0,556,556
"AL",1,5,"2007",0,491,0,0,0,491,491
"AL",1,5,"2008",0,540,0,0,0,540,540
"AL",1,5,"2009",0,555,0,0,0,555,555
"AL",1,5,"2010",0,512,0,0,0,512,512
"AL",1,5,"2011",0,623,0,0,0,623,623
"AL",1,5,"2012",0,518,0,0,0,518,518
"AL",1,5,"2013",0,472,0,0,0,472,472
"AL",1,5,"2014",0,518,0,0,0,518,518
"AK",2,5,"1980",0,0,0,0,0,0,0
"AK",2,5,"1984",0,0,0,0,0,0,0
"AK",2,5,"1985",0,0,0,0,0,0,0
"AK",2,5,"1986",0,0,0,0,0,0,0
"AK",2,5,"1987",0,0,0,0,0,0,0
"AK",2,5,"1988",0,0,0,0,0,0,0
"AK",2,5,"1989",0,0,0,0,0,0,0
"AK",2,5,"1990",0,0,0,0,0,0,0
"AK",2,5,"1991",0,0,0,0,0,0,0
"AK",2,5,"1992",0,0,0,0,0,0,0
"AK",2,5,"1993",0,0,0,0,0,0,0
"AK",2,5,"1994",0,0,0,0,0,0,0
"AK",2,5,"1995",0,0,0,0,0,0,0
"AK",2,5,"1996",0,0,0,0,0,0,0
"AK",2,5,"1997",0,0,0,0,0,0,0
"AK",2,5,"1998",0,0,0,0,0,0,0
"AK",2,5,"1999",0,0,0,0,0,0,0
"AK",2,5,"2000",0,0,0,0,0,0,0
"AK",2,5,"2001",0,0,0,0,0,0,0
"AK",2,5,"2002",0,23,0,2,0,25,25
"AK",2,5,"2003",0,0,0,0,0,0,0
"AK",2,5,"2004",0,0,0,0,0,0,0
"AK",2,5,"2005",0,0,0,0,0,0,0
"AK",2,5,"2006",0,0,0,0,0,0,0
"AK",2,5,"2007",0,0,0,0,0,0,0
"AK",2,5,"2008",0,0,0,0,0,0,0
"AK",2,5,"2009",0,36,0,2,0,38,38
"AK",2,5,"2010",0,35,0,2,0,37,37
"AK",2,5,"2011",0,29,0,4,0,33,33
"AK",2,5,"2012",0,37,0,3,0,40,40
"AK",2,5,"2013",0,49,0,4,0,53,53
"AK",2,5,"2014",0,63,0,5,0,68,68
"AR",5,5,"1980",0,161,0,2,0,163,163
"AR",5,5,"1984",0,53,0,25,0,78,78
"AR",5,5,"1985",0,66,0,22,0,88,88
"AR",5,5,"1986",0,85,0,35,0,120,120
"AR",5,5,"1987",0,157,0,30,0,187,187
"AR",5,5,"1988",0,216,0,42,0,258,258
"AR",5,5,"1989",0,194,0,0,0,194,194
"AR",5,5,"1990",0,275,0,0,0,275,275
"AR",5,5,"1991",0,1108,0,242,0,1350,1350
"AR",5,5,"1992",0,1091,0,244,0,1335,1335
"AR",5,5,"1993",0,1076,0,327,0,1403,1403
"AR",5,5,"1994",0,591,0,187,0,778,778
"AR",5,5,"1995",0,747,0,97,0,844,844
"AR",5,5,"1996",0,385,0,0,0,385,385
"AR",5,5,"1997",0,746,0,37,0,783,783
"AR",5,5,"1998",0,503,0,18,0,521,521
"AR",5,5,"1999",0,672,0,0,0,672,672
"AR",5,5,"2000",0,1123,0,0,0,1123,1123
"AR",5,5,"2001",0,1021,0,155,0,1176,1176
"AR",5,5,"2002",0,1219,0,0,0,1219,1219
"AR",5,5,"2003",0,1389,0,0,0,1389,1389
"AR",5,5,"2004",0,1366,0,0,0,1366,1366
"AR",5,5,"2005",0,1547,0,0,0,1547,1547
"AR",5,5,"2006",0,1337,0,235,0,1572,1572
"AR",5,5,"2007",0,1284,0,205,0,1489,1489
"AR",5,5,"2008",0,1226,0,175,0,1401,1401
"AR",5,5,"2009",0,1538,0,76,0,1614,1614
"AR",5,5,"2010",0,1262,0,104,0,1366,1366
"AR",5,5,"2011",0,1172,0,110,0,1282,1282
"AR",5,5,"2012",0,1206,0,96,0,1302,1302
"AR",5,5,"2013",0,1369,0,184,0,1553,1553
"AR",5,5,"2014",0,1300,0,158,0,1458,1458
"CA",6,5,"1980",0,270,0,0,0,270,270
"CA",6,5,"1984",0,209,0,0,0,209,209
"CA",6,5,"1985",0,213,0,0,0,213,213
"CA",6,5,"1986",0,111,0,0,0,111,111
"CA",6,5,"1987",0,231,0,0,0,231,231
"CA",6,5,"1988",0,138,0,0,0,138,138
"CA",6,5,"1989",0,157,0,0,0,157,157
"CA",6,5,"1990",0,138,0,0,0,138,138
"CA",6,5,"1991",0,139,0,0,0,139,139
"CA",6,5,"1992",0,120,0,0,0,120,120
"CA",6,5,"1993",0,736,0,24,0,760,760
"CA",6,5,"1994",0,932,0,60,0,992,992
"CA",6,5,"1995",0,957,0,18,0,975,975
"CA",6,5,"1996",0,996,0,28,0,1024,1024
"CA",6,5,"1997",0,388,0,41,0,429,429
"CA",6,5,"1998",0,513,0,41,0,554,554
"CA",6,5,"1999",0,569,0,84,0,653,653
"CA",6,5,"2000",0,849,0,453,0,1302,1302
"CA",6,5,"2001",0,765,0,65,0,830,830
"CA",6,5,"2002",0,1058,0,42,0,1100,1100
"CA",6,5,"2003",0,1346,0,77,0,1423,1423
"CA",6,5,"2004",0,1197,0,101,0,1298,1298
"CA",6,5,"2005",0,1105,0,90,0,1195,1195
"CA",6,5,"2006",0,1196,0,106,0,1302,1302
"CA",6,5,"2007",0,1119,0,86,0,1205,1205
"CA",6,5,"2008",0,1397,0,93,0,1490,1490
"CA",6,5,"2009",0,1378,0,50,0,1428,1428
"CA",6,5,"2010",0,1381,0,46,0,1427,1427
"CA",6,5,"2011",0,1399,0,75,0,1474,1474
"CA",6,5,"2012",0,1619,0,46,0,1665,1665
"CA",6,5,"2013",0,1575,0,18,0,1593,1593
"CA",6,5,"2014",0,1842,0,22,0,1864,1864
"CO",8,5,"1980",0,0,0,0,0,0,0
"CO",8,5,"1984",0,0,0,0,0,0,0
"CO",8,5,"1985",0,0,0,0,0,0,0
"CO",8,5,"1986",0,0,0,0,0,0,0
"CO",8,5,"1987",0,0,0,0,0,0,0
"CO",8,5,"1988",0,0,0,0,0,0,0
"CO",8,5,"1989",0,0,0,0,0,0,0
"CO",8,5,"1990",0,0,0,0,0,0,0
"CO",8,5,"1991",0,0,0,0,0,0,0
"CO",8,5,"1992",0,0,0,0,0,0,0
"CO",8,5,"1993",0,10,0,6,0,16,16
"CO",8,5,"1994",0,14,0,20,0,34,34
"CO",8,5,"1995",0,26,0,2,0,28,28
"CO",8,5,"1996",0,61,0,0,0,61,61
"CO",8,5,"1997",0,240,0,0,0,240,240
"CO",8,5,"1998",0,513,0,0,0,513,513
"CO",8,5,"1999",0,539,0,0,0,539,539
"CO",8,5,"2000",0,126,0,0,0,126,126
"CO",8,5,"2001",0,144,0,0,0,144,144
"CO",8,5,"2002",0,282,0,0,0,282,282
"CO",8,5,"2003",0,308,0,0,0,308,308
"CO",8,5,"2004",0,238,0,0,0,238,238
"CO",8,5,"2005",0,174,0,0,0,174,174
"CO",8,5,"2006",0,220,0,0,0,220,220
"CO",8,5,"2007",0,169,0,0,0,169,169
"CO",8,5,"2008",0,188,0,0,0,188,188
"CO",8,5,"2009",0,195,0,0,0,195,195
"CO",8,5,"2010",0,188,0,0,0,188,188
"CO",8,5,"2011",0,149,0,0,0,149,149
"CO",8,5,"2012",0,105,0,0,0,105,105
"CO",8,5,"2013",0,7,0,0,0,7,7
"CO",8,5,"2014",0,0,0,0,0,0,0
"CT",9,5,"1980",0,0,0,0,0,0,0
"CT",9,5,"1984",0,0,0,0,0,0,0
"CT",9,5,"1985",0,0,0,0,0,0,0
"CT",9,5,"1986",0,0,0,0,0,0,0
"CT",9,5,"1987",0,0,0,0,0,0,0
"CT",9,5,"1988",0,0,0,0,0,0,0
"CT",9,5,"1989",0,0,0,0,0,0,0
"CT",9,5,"1990",0,0,0,0,0,0,0
"CT",9,5,"1991",0,14,0,0,0,14,14
"CT",9,5,"1992",0,15,0,0,0,15,15
"CT",9,5,"1993",0,15,0,0,0,15,15
"CT",9,5,"1994",0,18,0,0,0,18,18
"CT",9,5,"1995",0,17,0,0,0,17,17
"CT",9,5,"1996",0,16,0,0,0,16,16
"CT",9,5,"1997",0,15,0,0,0,15,15
"CT",9,5,"1998",0,11,0,1,0,12,12
"CT",9,5,"1999",0,17,0,0,0,17,17
"CT",9,5,"2000",0,17,0,0,0,17,17
"CT",9,5,"2001",0,20,0,0,0,20,20
"CT",9,5,"2002",0,29,0,0,0,29,29
"CT",9,5,"2003",0,36,0,0,0,36,36
"CT",9,5,"2004",0,33,0,0,0,33,33
"CT",9,5,"2005",0,28,0,0,0,28,28
"CT",9,5,"2006",0,22,0,0,0,22,22
"CT",9,5,"2007",0,18,0,0,0,18,18
"CT",9,5,"2008",0,16,0,0,0,16,16
"CT",9,5,"2009",0,14,0,0,0,14,14
"CT",9,5,"2010",0,15,0,0,0,15,15
"CT",9,5,"2011",0,15,0,0,0,15,15
"CT",9,5,"2012",0,15,0,0,0,15,15
"CT",9,5,"2013",0,17,0,0,0,17,17
"CT",9,5,"2014",0,17,0,0,0,17,17
"DE",10,5,"1980",0,0,0,0,0,0,0
"DE",10,5,"1984",0,0,0,0,0,0,0
"DE",10,5,"1985",0,0,0,0,0,0,0
"DE",10,5,"1986",0,47,0,0,0,47,47
"DE",10,5,"1987",0,47,0,0,0,47,47
"DE",10,5,"1988",0,38,0,0,0,38,38
"DE",10,5,"1989",0,42,0,0,0,42,42
"DE",10,5,"1990",0,47,0,2,0,49,49
"DE",10,5,"1991",0,55,0,5,0,60,60
"DE",10,5,"1992",0,65,0,0,0,65,65
"DE",10,5,"1993",0,77,0,0,0,77,77
"DE",10,5,"1994",0,73,0,0,0,73,73
"DE",10,5,"1995",0,70,0,2,0,72,72
"DE",10,5,"1996",0,66,0,0,0,66,66
"DE",10,5,"1997",0,57,0,0,0,57,57
"DE",10,5,"1998",0,123,0,13,0,136,136
"DE",10,5,"1999",0,156,0,16,0,172,172
"DE",10,5,"2000",0,175,0,14,0,189,189
"DE",10,5,"2001",0,105,0,10,0,115,115
"DE",10,5,"2002",0,181,0,142,0,323,323
"DE",10,5,"2003",0,197,0,75,0,272,272
"DE",10,5,"2004",0,201,0,26,0,227,227
"DE",10,5,"2005",0,208,0,23,0,231,231
"DE",10,5,"2006",0,208,0,19,0,227,227
"DE",10,5,"2007",0,234,0,18,0,252,252
"DE",10,5,"2008",0,247,0,16,0,263,263
"DE",10,5,"2009",0,260,0,19,0,279,279
"DE",10,5,"2010",0,262,0,19,0,281,281
"DE",10,5,"2011",0,280,0,16,0,296,296
"DE",10,5,"2012",0,243,0,19,0,262,262
"DE",10,5,"2013",0,238,0,13,0,251,251
"DE",10,5,"2014",0,208,0,19,0,227,227
"DC",11,5,"1980",0,0,0,0,0,0,0
"DC",11,5,"1984",0,0,0,0,0,0,0
"DC",11,5,"1985",0,0,0,0,0,0,0
"DC",11,5,"1986",0,53,0,0,0,53,53
"DC",11,5,"1987",0,55,0,0,0,55,55
"DC",11,5,"1988",0,50,0,7,0,57,57
"DC",11,5,"1989",0,38,0,12,0,50,50
"DC",11,5,"1990",0,39,0,1,0,40,40
"DC",11,5,"1991",0,43,0,2,0,45,45
"DC",11,5,"1992",0,46,0,1,0,47,47
"DC",11,5,"1993",0,59,0,0,0,59,59
"DC",11,5,"1994",0,56,0,0,0,56,56
"DC",11,5,"1995",0,48,0,0,0,48,48
"DC",11,5,"1996",0,48,0,0,0,48,48
"DC",11,5,"1997",0,25,0,0,0,25,25
"DC",11,5,"1998",0,24,0,1,0,25,25
"DC",11,5,"1999",0,26,0,0,0,26,26
"DC",11,5,"2000",0,10,0,0,0,10,10
"DC",11,5,"2001",0,41,0,0,0,41,41
"DC",11,5,"2002",0,34,0,0,0,34,34
"DC",11,5,"2003",0,37,0,0,0,37,37
"DC",11,5,"2004",0,36,0,0,0,36,36
"DC",11,5,"2005",0,24,0,0,0,24,24
"DC",11,5,"2006",0,31,0,0,0,31,31
"DC",11,5,"2007",0,30,0,0,0,30,30
"DC",11,5,"2008",0,31,0,0,0,31,31
"DC",11,5,"2009",0,31,0,0,0,31,31
"DC",11,5,"2010",0,18,0,0,0,18,18
"DC",11,5,"2011",0,34,0,0,0,34,34
"DC",11,5,"2012",0,36,0,0,0,36,36
"DC",11,5,"2013",0,37,0,0,0,37,37
"DC",11,5,"2014",0,39,0,22,0,61,61
"FL",12,5,"1980",0,0,0,0,0,0,0
"FL",12,5,"1984",0,0,0,0,0,0,0
"FL",12,5,"1985",0,0,0,0,0,0,0
"FL",12,5,"1986",0,0,0,0,0,0,0
"FL",12,5,"1987",0,0,0,0,0,0,0
"FL",12,5,"1988",0,0,0,0,0,0,0
"FL",12,5,"1989",0,0,0,0,0,0,0
"FL",12,5,"1990",0,0,0,0,0,0,0
"FL",12,5,"1991",0,0,0,0,0,0,0
"FL",12,5,"1992",0,0,0,0,0,0,0
"FL",12,5,"1993",0,0,0,0,0,0,0
"FL",12,5,"1994",0,0,0,0,0,0,0
"FL",12,5,"1995",0,349,0,25,0,374,374
"FL",12,5,"1996",0,23,0,0,0,23,23
"FL",12,5,"1997",0,0,0,0,0,0,0
"FL",12,5,"1998",0,316,0,26,0,342,342
"FL",12,5,"1999",0,146,0,17,0,163,163
"FL",12,5,"2000",0,459,0,32,0,491,491
"FL",12,5,"2001",0,388,0,16,0,404,404
"FL",12,5,"2002",0,479,0,16,0,495,495
"FL",12,5,"2003",0,442,0,12,0,454,454
"FL",12,5,"2004",0,473,0,50,0,523,523
"FL",12,5,"2005",0,448,0,7,0,455,455
"FL",12,5,"2006",0,473,0,4,0,477,477
"FL",12,5,"2007",0,681,0,4,0,685,685
"FL",12,5,"2008",0,833,0,7,0,840,840
"FL",12,5,"2009",0,778,0,10,0,788,788
"FL",12,5,"2010",0,891,0,105,0,996,996
"FL",12,5,"2011",0,994,0,87,0,1081,1081
"FL",12,5,"2012",0,1499,0,169,0,1668,1668
"FL",12,5,"2013",0,1606,0,217,0,1823,1823
"FL",12,5,"2014",0,1368,0,253,0,1621,1621
"GA",13,5,"1980",0,353,0,8,0,361,361
"GA",13,5,"1984",0,456,0,26,0,482,482
"GA",13,5,"1985",0,382,0,10,0,392,392
"GA",13,5,"1986",0,305,0,63,0,368,368
"GA",13,5,"1987",0,487,0,55,0,542,542
"GA",13,5,"1988",0,570,0,18,0,588,588
"GA",13,5,"1989",0,572,0,18,0,590,590
"GA",13,5,"1990",0,524,0,26,0,550,550
"GA",13,5,"1991",0,397,0,83,0,480,480
"GA",13,5,"1992",0,584,0,15,0,599,599
"GA",13,5,"1993",0,622,0,25,0,647,647
"GA",13,5,"1994",0,666,0,27,0,693,693
"GA",13,5,"1995",0,644,0,36,0,680,680
"GA",13,5,"1996",0,601,0,27,0,628,628
"GA",13,5,"1997",0,484,0,54,0,538,538
"GA",13,5,"1998",0,501,0,71,0,572,572
"GA",13,5,"1999",0,547,0,46,0,593,593
"GA",13,5,"2000",0,559,0,48,0,607,607
"GA",13,5,"2001",0,588,0,36,0,624,624
"GA",13,5,"2002",0,626,0,20,0,646,646
"GA",13,5,"2003",0,534,0,19,0,553,553
"GA",13,5,"2004",0,539,0,10,0,549,549
"GA",13,5,"2005",0,497,0,12,0,509,509
"GA",13,5,"2006",0,465,0,8,0,473,473
"GA",13,5,"2007",0,415,0,5,0,420,420
"GA",13,5,"2008",0,401,0,2,0,403,403
"GA",13,5,"2009",0,448,0,3,0,451,451
"GA",13,5,"2010",0,513,0,4,0,517,517
"GA",13,5,"2011",0,524,0,3,0,527,527
"GA",13,5,"2012",0,503,0,1,0,504,504
"GA",13,5,"2013",0,483,0,7,0,490,490
"GA",13,5,"2014",0,456,0,9,0,465,465
"IL",17,5,"1980",0,582,0,68,0,650,650
"IL",17,5,"1984",0,917,0,0,0,917,917
"IL",17,5,"1985",0,664,0,116,0,780,780
"IL",17,5,"1986",0,631,0,141,0,772,772
"IL",17,5,"1987",0,666,0,122,0,788,788
"IL",17,5,"1988",0,656,0,137,0,793,793
"IL",17,5,"1989",0,576,0,157,0,733,733
"IL",17,5,"1990",0,596,0,133,0,729,729
"IL",17,5,"1991",0,581,0,127,0,708,708
"IL",17,5,"1992",0,566,0,68,0,634,634
"IL",17,5,"1993",0,546,0,96,0,642,642
"IL",17,5,"1994",0,842,0,86,0,928,928
"IL",17,5,"1995",0,905,0,135,0,1040,1040
"IL",17,5,"1996",0,637,0,185,0,822,822
"IL",17,5,"1997",0,606,0,180,0,786,786
"IL",17,5,"1998",0,1107,0,103,0,1210,1210
"IL",17,5,"1999",0,957,0,3,0,960,960
"IL",17,5,"2000",0,1352,0,213,0,1565,1565
"IL",17,5,"2001",0,1208,0,261,0,1469,1469
"IL",17,5,"2002",0,968,0,346,0,1314,1314
"IL",17,5,"2003",0,1361,0,230,0,1591,1591
"IL",17,5,"2004",0,1007,0,148,0,1155,1155
"IL",17,5,"2005",0,930,0,113,0,1043,1043
"IL",17,5,"2006",0,1023,0,83,0,1106,1106
"IL",17,5,"2007",0,618,0,91,0,709,709
"IL",17,5,"2008",0,594,0,96,0,690,690
"IL",17,5,"2009",0,764,0,108,0,872,872
"IL",17,5,"2010",0,920,0,116,0,1036,1036
"IL",17,5,"2011",0,899,0,123,0,1022,1022
"IL",17,5,"2012",0,668,0,146,0,814,814
"IL",17,5,"2013",0,677,0,168,0,845,845
"IL",17,5,"2014",0,655,0,182,0,837,837
"IN",18,5,"1980",0,139,0,230,0,369,369
"IN",18,5,"1984",0,151,0,322,0,473,473
"IN",18,5,"1985",0,137,0,281,0,418,418
"IN",18,5,"1986",0,279,0,337,0,616,616
"IN",18,5,"1987",0,259,0,290,0,549,549
"IN",18,5,"1988",0,229,0,338,0,567,567
"IN",18,5,"1989",0,250,0,332,0,582,582
"IN",18,5,"1990",0,312,0,431,0,743,743
"IN",18,5,"1991",0,385,0,451,0,836,836
"IN",18,5,"1992",0,444,0,464,0,908,908
"IN",18,5,"1993",0,471,0,503,0,974,974
"IN",18,5,"1994",0,458,0,506,0,964,964
"IN",18,5,"1995",0,443,0,451,0,894,894
"IN",18,5,"1996",0,397,0,418,0,815,815
"IN",18,5,"1997",0,388,0,327,0,715,715
"IN",18,5,"1998",0,376,0,284,0,660,660
"IN",18,5,"1999",0,358,0,272,0,630,630
"IN",18,5,"2000",0,341,0,231,0,572,572
"IN",18,5,"2001",0,406,0,206,0,612,612
"IN",18,5,"2002",0,463,0,247,0,710,710
"IN",18,5,"2003",0,540,0,232,0,772,772
"IN",18,5,"2004",0,607,0,243,0,850,850
"IN",18,5,"2005",0,607,0,236,0,843,843
"IN",18,5,"2006",0,543,0,165,0,708,708
"IN",18,5,"2007",0,560,0,165,0,725,725
"IN",18,5,"2008",0,533,0,150,0,683,683
"IN",18,5,"2009",0,621,0,166,0,787,787
"IN",18,5,"2010",0,638,0,183,0,821,821
"IN",18,5,"2011",0,585,0,196,0,781,781
"IN",18,5,"2012",0,510,0,182,0,692,692
"IN",18,5,"2013",0,496,0,197,0,693,693
"IN",18,5,"2014",0,533,0,148,0,681,681
"IA",19,5,"1980",0,0,0,0,0,0,0
"IA",19,5,"1984",0,0,0,0,0,0,0
"IA",19,5,"1985",0,0,0,0,0,0,0
"IA",19,5,"1986",0,49,0,0,0,49,49
"IA",19,5,"1987",0,6,0,0,0,6,6
"IA",19,5,"1988",0,49,0,0,0,49,49
"IA",19,5,"1989",0,13,0,0,0,13,13
"IA",19,5,"1990",0,25,0,0,0,25,25
"IA",19,5,"1991",0,60,0,0,0,60,60
"IA",19,5,"1992",0,60,0,0,0,60,60
"IA",19,5,"1993",0,55,0,0,0,55,55
"IA",19,5,"1994",0,49,0,0,0,49,49
"IA",19,5,"1995",0,49,0,0,0,49,49
"IA",19,5,"1996",0,33,0,0,0,33,33
"IA",19,5,"1997",0,49,0,0,0,49,49
"IA",19,5,"1998",0,52,0,0,0,52,52
"IA",19,5,"1999",0,47,0,0,0,47,47
"IA",19,5,"2000",0,36,0,0,0,36,36
"IA",19,5,"2001",0,32,0,0,0,32,32
"IA",19,5,"2002",0,35,0,0,0,35,35
"IA",19,5,"2003",0,50,0,0,0,50,50
"IA",19,5,"2004",0,68,0,0,0,68,68
"IA",19,5,"2005",0,60,0,0,0,60,60
"IA",19,5,"2006",0,59,0,0,0,59,59
"IA",19,5,"2007",0,56,0,0,0,56,56
"IA",19,5,"2008",0,58,0,0,0,58,58
"IA",19,5,"2009",0,60,0,0,0,60,60
"IA",19,5,"2010",0,42,0,0,0,42,42
"IA",19,5,"2011",0,35,0,0,0,35,35
"IA",19,5,"2012",0,43,0,0,0,43,43
"IA",19,5,"2013",0,41,0,0,0,41,41
"IA",19,5,"2014",0,39,0,0,0,39,39
"KS",20,5,"1980",0,595,0,11,0,606,606
"KS",20,5,"1984",0,469,0,32,0,501,501
"KS",20,5,"1985",0,429,0,9,0,438,438
"KS",20,5,"1986",0,388,0,41,0,429,429
"KS",20,5,"1987",0,420,0,46,0,466,466
"KS",20,5,"1988",0,481,0,40,0,521,521
"KS",20,5,"1989",0,481,0,43,0,524,524
"KS",20,5,"1990",0,442,0,44,0,486,486
"KS",20,5,"1991",0,423,0,71,0,494,494
"KS",20,5,"1992",0,437,0,54,0,491,491
"KS",20,5,"1993",0,420,0,55,0,475,475
"KS",20,5,"1994",0,404,0,58,0,462,462
"KS",20,5,"1995",0,402,0,67,0,469,469
"KS",20,5,"1996",0,391,0,47,0,438,438
"KS",20,5,"1997",0,389,0,26,0,415,415
"KS",20,5,"1998",0,344,0,63,0,407,407
"KS",20,5,"1999",0,370,0,55,0,425,425
"KS",20,5,"2000",0,380,0,56,0,436,436
"KS",20,5,"2001",0,389,0,56,0,445,445
"KS",20,5,"2002",0,382,0,60,0,442,442
"KS",20,5,"2003",0,394,0,51,0,445,445
"KS",20,5,"2004",0,411,0,54,0,465,465
"KS",20,5,"2005",0,414,0,63,0,477,477
"KS",20,5,"2006",0,401,0,61,0,462,462
"KS",20,5,"2007",0,383,0,49,0,432,432
"KS",20,5,"2008",0,374,0,49,0,423,423
"KS",20,5,"2009",0,374,0,65,0,439,439
"KS",20,5,"2010",0,396,0,52,0,448,448
"KS",20,5,"2011",0,405,0,63,0,468,468
"KS",20,5,"2012",0,381,0,62,0,443,443
"KS",20,5,"2013",0,376,0,69,0,445,445
"KS",20,5,"2014",0,361,0,67,0,428,428
"KY",21,5,"1980",0,0,0,0,0,0,0
"KY",21,5,"1984",0,0,0,0,0,0,0
"KY",21,5,"1985",0,0,0,0,0,0,0
"KY",21,5,"1986",0,0,0,0,0,0,0
"KY",21,5,"1987",0,0,0,0,0,0,0
"KY",21,5,"1988",0,0,0,0,0,0,0
"KY",21,5,"1989",0,0,0,0,0,0,0
"KY",21,5,"1990",0,0,0,0,0,0,0
"KY",21,5,"1991",0,0,0,0,0,0,0
"KY",21,5,"1992",0,0,0,0,0,0,0
"KY",21,5,"1993",0,0,0,0,0,0,0
"KY",21,5,"1994",0,0,0,0,0,0,0
"KY",21,5,"1995",0,0,0,0,0,0,0
"KY",21,5,"1996",0,0,0,0,0,0,0
"KY",21,5,"1997",0,0,0,0,0,0,0
"KY",21,5,"1998",0,0,0,0,0,0,0
"KY",21,5,"1999",0,0,0,0,0,0,0
"KY",21,5,"2000",0,0,0,0,0,0,0
"KY",21,5,"2001",0,0,0,0,0,0,0
"KY",21,5,"2002",0,0,0,0,0,0,0
"KY",21,5,"2003",0,0,0,0,0,0,0
"KY",21,5,"2004",0,0,0,0,0,0,0
"KY",21,5,"2005",0,63,0,0,0,63,63
"KY",21,5,"2006",0,47,0,0,0,47,47
"KY",21,5,"2007",0,49,0,0,0,49,49
"KY",21,5,"2008",0,214,0,0,0,214,214
"KY",21,5,"2009",0,195,0,0,0,195,195
"KY",21,5,"2010",0,130,0,0,0,130,130
"KY",21,5,"2011",0,132,0,2,0,134,134
"KY",21,5,"2012",0,148,0,1,0,149,149
"KY",21,5,"2013",0,176,0,0,0,176,176
"KY",21,5,"2014",0,202,0,1,0,203,203
"LA",22,5,"1980",0,0,0,0,0,0,0
"LA",22,5,"1984",0,0,0,0,0,0,0
"LA",22,5,"1985",0,0,0,0,0,0,0
"LA",22,5,"1986",0,362,0,26,0,388,388
"LA",22,5,"1987",0,482,0,0,0,482,482
"LA",22,5,"1988",0,460,0,100,0,560,560
"LA",22,5,"1989",0,587,0,9,0,596,596
"LA",22,5,"1990",0,699,0,12,0,711,711
"LA",22,5,"1991",0,822,0,0,0,822,822
"LA",22,5,"1992",0,435,0,1,0,436,436
"LA",22,5,"1993",0,404,0,0,0,404,404
"LA",22,5,"1994",0,440,0,0,0,440,440
"LA",22,5,"1995",0,510,0,0,0,510,510
"LA",22,5,"1996",0,637,0,0,0,637,637
"LA",22,5,"1997",0,597,0,0,0,597,597
"LA",22,5,"1998",0,584,0,0,0,584,584
"LA",22,5,"1999",0,560,0,0,0,560,560
"LA",22,5,"2000",0,523,0,0,0,523,523
"LA",22,5,"2001",0,761,0,0,0,761,761
"LA",22,5,"2002",0,718,0,0,0,718,718
"LA",22,5,"2003",0,829,0,0,0,829,829
"LA",22,5,"2004",0,946,0,0,0,946,946
"LA",22,5,"2005",0,1081,0,0,0,1081,1081
"LA",22,5,"2006",0,1136,0,0,0,1136,1136
"LA",22,5,"2007",0,1076,0,0,0,1076,1076
"LA",22,5,"2008",0,1011,0,0,0,1011,1011
"LA",22,5,"2009",0,1046,0,0,0,1046,1046
"LA",22,5,"2010",0,953,0,0,0,953,953
"LA",22,5,"2011",0,921,0,0,0,921,921
"LA",22,5,"2012",0,766,0,0,0,766,766
"LA",22,5,"2013",0,704,0,0,0,704,704
"LA",22,5,"2014",0,718,0,0,0,718,718
"ME",23,5,"1980",0,0,0,0,0,0,0
"ME",23,5,"1984",0,79,0,0,0,79,79
"ME",23,5,"1985",0,59,0,0,0,59,59
"ME",23,5,"1986",0,63,0,0,0,63,63
"ME",23,5,"1987",0,55,0,1,0,56,56
"ME",23,5,"1988",0,72,0,2,0,74,74
"ME",23,5,"1989",0,73,0,8,0,81,81
"ME",23,5,"1990",0,73,0,13,0,86,86
"ME",23,5,"1991",0,77,0,22,0,99,99
"ME",23,5,"1992",0,79,0,7,0,86,86
"ME",23,5,"1993",0,121,0,7,0,128,128
"ME",23,5,"1994",0,121,0,8,0,129,129
"ME",23,5,"1995",0,122,0,9,0,131,131
"ME",23,5,"1996",0,122,0,12,0,134,134
"ME",23,5,"1997",0,120,0,12,0,132,132
"ME",23,5,"1998",0,120,0,12,0,132,132
"ME",23,5,"1999",0,129,0,12,0,141,141
"ME",23,5,"2000",0,115,0,43,0,158,158
"ME",23,5,"2001",0,87,0,73,0,160,160
"ME",23,5,"2002",0,97,0,85,0,182,182
"ME",23,5,"2003",0,91,0,105,0,196,196
"ME",23,5,"2004",0,90,0,93,0,183,183
"ME",23,5,"2005",0,88,0,105,0,193,193
"ME",23,5,"2006",0,83,0,99,0,182,182
"ME",23,5,"2007",0,101,0,143,0,244,244
"ME",23,5,"2008",0,97,0,123,0,220,220
"ME",23,5,"2009",0,108,0,134,0,242,242
"ME",23,5,"2010",0,82,0,186,0,268,268
"ME",23,5,"2011",0,101,0,184,0,285,285
"ME",23,5,"2012",0,134,0,151,0,285,285
"ME",23,5,"2013",0,142,0,166,0,308,308
"ME",23,5,"2014",0,137,0,151,0,288,288
"MA",25,5,"1980",0,0,0,0,0,0,0
"MA",25,5,"1984",0,0,0,0,0,0,0
"MA",25,5,"1985",0,0,0,0,0,0,0
"MA",25,5,"1986",0,257,0,12,0,269,269
"MA",25,5,"1987",0,272,0,11,0,283,283
"MA",25,5,"1988",0,313,0,30,0,343,343
"MA",25,5,"1989",0,217,0,37,0,254,254
"MA",25,5,"1990",0,333,0,80,0,413,413
"MA",25,5,"1991",0,363,0,149,0,512,512
"MA",25,5,"1992",0,353,0,178,0,531,531
"MA",25,5,"1993",0,373,0,198,0,571,571
"MA",25,5,"1994",0,371,0,224,0,595,595
"MA",25,5,"1995",0,394,0,221,0,615,615
"MA",25,5,"1996",0,353,0,233,0,586,586
"MA",25,5,"1997",0,353,0,218,0,571,571
"MA",25,5,"1998",0,371,0,579,0,950,950
"MA",25,5,"1999",0,384,0,723,0,1107,1107
"MA",25,5,"2000",0,390,0,409,0,799,799
"MA",25,5,"2001",0,576,0,688,0,1264,1264
"MA",25,5,"2002",0,376,0,872,0,1248,1248
"MA",25,5,"2003",0,616,0,806,0,1422,1422
"MA",25,5,"2004",0,548,0,796,0,1344,1344
"MA",25,5,"2005",0,563,0,1002,0,1565,1565
"MA",25,5,"2006",0,594,0,827,0,1421,1421
"MA",25,5,"2007",0,593,0,860,0,1453,1453
"MA",25,5,"2008",0,566,0,827,0,1393,1393
"MA",25,5,"2009",0,626,0,812,0,1438,1438
"MA",25,5,"2010",0,608,0,778,0,1386,1386
"MA",25,5,"2011",0,623,0,732,0,1355,1355
"MA",25,5,"2012",0,630,0,682,0,1312,1312
"MA",25,5,"2013",0,657,0,891,0,1548,1548
"MA",25,5,"2014",0,650,0,914,0,1564,1564
"MI",26,5,"1980",0,0,0,0,0,0,0
"MI",26,5,"1984",0,0,0,0,0,0,0
"MI",26,5,"1985",0,0,0,0,0,0,0
"MI",26,5,"1986",0,0,0,0,0,0,0
"MI",26,5,"1987",0,0,0,0,0,0,0
"MI",26,5,"1988",0,0,0,0,0,0,0
"MI",26,5,"1989",0,0,0,0,0,0,0
"MI",26,5,"1990",0,0,0,0,0,0,0
"MI",26,5,"1991",0,0,0,0,0,0,0
"MI",26,5,"1992",0,0,0,0,0,0,0
"MI",26,5,"1993",0,139,0,164,0,303,303
"MI",26,5,"1994",0,135,0,62,0,197,197
"MI",26,5,"1995",0,196,0,0,0,196,196
"MI",26,5,"1996",0,200,0,0,0,200,200
"MI",26,5,"1997",0,127,0,85,0,212,212
"MI",26,5,"1998",0,118,0,79,0,197,197
"MI",26,5,"1999",0,100,0,94,0,194,194
"MI",26,5,"2000",0,80,0,65,0,145,145
"MI",26,5,"2001",0,137,0,63,0,200,200
"MI",26,5,"2002",0,63,0,22,0,85,85
"MI",26,5,"2003",0,64,0,26,0,90,90
"MI",26,5,"2004",0,121,0,33,0,154,154
"MI",26,5,"2005",0,203,0,29,0,232,232
"MI",26,5,"2006",0,181,0,33,0,214,214
"MI",26,5,"2007",0,240,0,37,0,277,277
"MI",26,5,"2008",0,231,0,13,0,244,244
"MI",26,5,"2009",0,274,0,4,0,278,278
"MI",26,5,"2010",0,236,0,0,0,236,236
"MI",26,5,"2011",0,191,0,0,0,191,191
"MI",26,5,"2012",0,200,0,0,0,200,200
"MI",26,5,"2013",0,229,0,0,0,229,229
"MI",26,5,"2014",0,126,0,0,0,126,126
"MN",27,5,"1980",0,0,0,0,0,0,0
"MN",27,5,"1984",0,0,0,0,0,0,0
"MN",27,5,"1985",0,0,0,0,0,0,0
"MN",27,5,"1986",0,0,0,0,0,0,0
"MN",27,5,"1987",0,0,0,0,0,0,0
"MN",27,5,"1988",0,0,0,0,0,0,0
"MN",27,5,"1989",0,0,0,0,0,0,0
"MN",27,5,"1990",0,0,0,0,0,0,0
"MN",27,5,"1991",0,0,0,0,0,0,0
"MN",27,5,"1992",0,0,0,0,0,0,0
"MN",27,5,"1993",0,0,0,0,0,0,0
"MN",27,5,"1994",0,0,0,0,0,0,0
"MN",27,5,"1995",0,0,0,0,0,0,0
"MN",27,5,"1996",0,0,0,0,0,0,0
"MN",27,5,"1997",0,0,0,0,0,0,0
"MN",27,5,"1998",0,0,0,0,0,0,0
"MN",27,5,"1999",0,3,0,96,0,99,99
"MN",27,5,"2000",0,0,0,0,0,0,0
"MN",27,5,"2001",0,24,0,55,0,79,79
"MN",27,5,"2002",0,25,0,74,0,99,99
"MN",27,5,"2003",0,10,0,71,0,81,81
"MN",27,5,"2004",0,6,0,61,0,67,67
"MN",27,5,"2005",0,13,0,48,0,61,61
"MN",27,5,"2006",0,53,0,53,0,106,106
"MN",27,5,"2007",0,56,0,43,0,99,99
"MN",27,5,"2008",0,62,0,44,0,106,106
"MN",27,5,"2009",0,81,0,32,0,113,113
"MN",27,5,"2010",0,85,0,32,0,117,117
"MN",27,5,"2011",0,57,0,31,0,88,88
"MN",27,5,"2012",0,62,0,25,0,87,87
"MN",27,5,"2013",0,36,0,24,0,60,60
"MN",27,5,"2014",0,47,0,22,0,69,69
"MO",29,5,"1980",0,196,0,32,0,228,228
"MO",29,5,"1984",0,156,0,80,0,236,236
"MO",29,5,"1985",0,174,0,104,0,278,278
"MO",29,5,"1986",0,193,0,123,0,316,316
"MO",29,5,"1987",0,237,0,102,0,339,339
"MO",29,5,"1988",0,244,0,152,0,396,396
"MO",29,5,"1989",0,233,0,115,0,348,348
"MO",29,5,"1990",0,226,0,137,0,363,363
"MO",29,5,"1991",0,220,0,144,0,364,364
"MO",29,5,"1992",0,228,0,149,0,377,377
"MO",29,5,"1993",0,210,0,0,0,210,210
"MO",29,5,"1994",0,221,0,582,0,803,803
"MO",29,5,"1995",0,267,0,458,0,725,725
"MO",29,5,"1996",0,236,0,94,0,330,330
"MO",29,5,"1997",0,181,0,160,0,341,341
"MO",29,5,"1998",0,330,0,94,0,424,424
"MO",29,5,"1999",0,267,0,167,0,434,434
"MO",29,5,"2000",0,283,0,103,0,386,386
"MO",29,5,"2001",0,233,0,210,0,443,443
"MO",29,5,"2002",0,244,0,226,0,470,470
"MO",29,5,"2003",0,334,0,491,0,825,825
"MO",29,5,"2004",0,288,0,485,0,773,773
"MO",29,5,"2005",0,413,0,556,0,969,969
"MO",29,5,"2006",0,404,0,477,0,881,881
"MO",29,5,"2007",0,717,0,730,0,1447,1447
"MO",29,5,"2008",0,1241,0,732,0,1973,1973
"MO",29,5,"2009",0,432,0,852,0,1284,1284
"MO",29,5,"2010",0,514,0,905,0,1419,1419
"MO",29,5,"2011",0,531,0,802,0,1333,1333
"MO",29,5,"2012",0,532,0,731,0,1263,1263
"MO",29,5,"2013",0,534,0,720,0,1254,1254
"MO",29,5,"2014",0,500,0,658,0,1158,1158
"MT",30,5,"1980",0,162,0,113,0,275,275
"MT",30,5,"1984",0,166,0,73,0,239,239
"MT",30,5,"1985",0,166,0,73,0,239,239
"MT",30,5,"1986",0,168,0,73,0,241,241
"MT",30,5,"1987",0,13,0,0,0,13,13
"MT",30,5,"1988",0,157,0,140,0,297,297
"MT",30,5,"1989",0,157,0,140,0,297,297
"MT",30,5,"1990",0,199,0,65,0,264,264
"MT",30,5,"1991",0,204,0,64,0,268,268
"MT",30,5,"1992",0,588,0,748,0,1336,1336
"MT",30,5,"1993",0,303,0,149,0,452,452
"MT",30,5,"1994",0,294,0,101,0,395,395
"MT",30,5,"1995",0,329,0,60,0,389,389
"MT",30,5,"1996",0,308,0,100,0,408,408
"MT",30,5,"1997",0,295,0,116,0,411,411
"MT",30,5,"1998",0,340,0,56,0,396,396
"MT",30,5,"1999",0,242,0,49,0,291,291
"MT",30,5,"2000",0,236,0,63,0,299,299
"MT",30,5,"2001",0,279,0,62,0,341,341
"MT",30,5,"2002",0,330,0,88,0,418,418
"MT",30,5,"2003",0,455,0,91,0,546,546
"MT",30,5,"2004",0,491,0,70,0,561,561
"MT",30,5,"2005",0,415,0,70,0,485,485
"MT",30,5,"2006",0,387,0,80,0,467,467
"MT",30,5,"2007",0,403,0,68,0,471,471
"MT",30,5,"2008",0,404,0,88,0,492,492
"MT",30,5,"2009",0,472,0,61,0,533,533
"MT",30,5,"2010",0,422,0,51,0,473,473
"MT",30,5,"2011",0,402,0,62,0,464,464
"MT",30,5,"2012",0,363,0,44,0,407,407
"MT",30,5,"2013",0,382,0,68,0,450,450
"MT",30,5,"2014",0,412,0,83,0,495,495
"NE",31,5,"1980",0,0,0,0,0,0,0
"NE",31,5,"1984",0,0,0,0,0,0,0
"NE",31,5,"1985",0,0,0,0,0,0,0
"NE",31,5,"1986",0,11,0,0,0,11,11
"NE",31,5,"1987",0,5,0,0,0,5,5
"NE",31,5,"1988",0,5,0,0,0,5,5
"NE",31,5,"1989",0,22,0,0,0,22,22
"NE",31,5,"1990",0,23,0,0,0,23,23
"NE",31,5,"1991",0,22,0,0,0,22,22
"NE",31,5,"1992",0,22,0,1,0,23,23
"NE",31,5,"1993",0,23,0,0,0,23,23
"NE",31,5,"1994",0,21,0,0,0,21,21
"NE",31,5,"1995",0,21,0,0,0,21,21
"NE",31,5,"1996",0,29,0,0,0,29,29
"NE",31,5,"1997",0,25,0,0,0,25,25
"NE",31,5,"1998",0,26,0,0,0,26,26
"NE",31,5,"1999",0,51,0,117,0,168,168
"NE",31,5,"2000",0,72,0,85,0,157,157
"NE",31,5,"2001",0,69,0,51,0,120,120
"NE",31,5,"2002",0,148,0,75,0,223,223
"NE",31,5,"2003",0,103,0,63,0,166,166
"NE",31,5,"2004",0,126,0,66,0,192,192
"NE",31,5,"2005",0,96,0,53,0,149,149
"NE",31,5,"2006",0,94,0,39,0,133,133
"NE",31,5,"2007",0,108,0,46,0,154,154
"NE",31,5,"2008",0,108,0,40,0,148,148
"NE",31,5,"2009",0,101,0,71,0,172,172
"NE",31,5,"2010",0,117,0,63,0,180,180
"NE",31,5,"2011",0,101,0,98,0,199,199
"NE",31,5,"2012",0,102,0,68,0,170,170
"NE",31,5,"2013",0,103,0,71,0,174,174
"NE",31,5,"2014",0,126,0,30,0,156,156
"NV",32,5,"1980",0,0,0,0,0,0,0
"NV",32,5,"1984",0,0,0,0,0,0,0
"NV",32,5,"1985",0,0,0,0,0,0,0
"NV",32,5,"1986",0,0,0,0,0,0,0
"NV",32,5,"1987",0,0,0,0,0,0,0
"NV",32,5,"1988",0,0,0,0,0,0,0
"NV",32,5,"1989",0,0,0,0,0,0,0
"NV",32,5,"1990",0,0,0,0,0,0,0
"NV",32,5,"1991",0,0,0,0,0,0,0
"NV",32,5,"1992",0,0,0,0,0,0,0
"NV",32,5,"1993",0,0,0,0,0,0,0
"NV",32,5,"1994",0,0,0,0,0,0,0
"NV",32,5,"1995",0,0,0,0,0,0,0
"NV",32,5,"1996",0,0,0,0,0,0,0
"NV",32,5,"1997",0,0,0,0,0,0,0
"NV",32,5,"1998",0,0,0,0,0,0,0
"NV",32,5,"1999",0,0,0,0,0,0,0
"NV",32,5,"2000",0,0,0,0,0,0,0
"NV",32,5,"2001",0,0,0,0,0,0,0
"NV",32,5,"2002",0,0,0,0,0,0,0
"NV",32,5,"2003",0,0,0,0,0,0,0
"NV",32,5,"2004",0,37,0,2,0,39,39
"NV",32,5,"2005",0,13,0,3,0,16,16
"NV",32,5,"2006",0,30,0,15,0,45,45
"NV",32,5,"2007",0,25,0,7,0,32,32
"NV",32,5,"2008",0,76,0,35,0,111,111
"NV",32,5,"2009",0,99,0,49,0,148,148
"NV",32,5,"2010",0,23,0,9,0,32,32
"NV",32,5,"2011",0,24,0,14,0,38,38
"NV",32,5,"2012",0,29,0,18,0,47,47
"NV",32,5,"2013",0,16,0,13,0,29,29
"NV",32,5,"2014",0,42,0,39,0,81,81
"NH",33,5,"1980",0,0,0,0,0,0,0
"NH",33,5,"1984",0,0,0,0,0,0,0
"NH",33,5,"1985",0,0,0,0,0,0,0
"NH",33,5,"1986",0,0,0,977,0,977,977
"NH",33,5,"1987",0,0,0,728,0,728,728
"NH",33,5,"1988",0,0,0,742,0,742,742
"NH",33,5,"1989",0,0,0,742,0,742,742
"NH",33,5,"1990",0,85,0,750,0,835,835
"NH",33,5,"1991",0,114,0,593,0,707,707
"NH",33,5,"1992",0,142,0,699,0,841,841
"NH",33,5,"1993",0,116,0,611,0,727,727
"NH",33,5,"1994",0,135,0,537,0,672,672
"NH",33,5,"1995",0,144,0,588,0,732,732
"NH",33,5,"1996",0,140,0,739,0,879,879
"NH",33,5,"1997",0,105,0,0,0,105,105
"NH",33,5,"1998",0,117,0,224,0,341,341
"NH",33,5,"1999",0,100,0,451,0,551,551
"NH",33,5,"2000",0,34,0,9,0,43,43
"NH",33,5,"2001",0,19,0,106,0,125,125
"NH",33,5,"2002",0,19,0,114,0,133,133
"NH",33,5,"2003",0,59,0,586,0,645,645
"NH",33,5,"2004",0,67,0,656,0,723,723
"NH",33,5,"2005",0,138,0,306,0,444,444
"NH",33,5,"2006",0,132,0,326,0,458,458
"NH",33,5,"2007",0,131,0,238,0,369,369
"NH",33,5,"2008",0,106,0,252,0,358,358
"NH",33,5,"2009",0,118,0,239,0,357,357
"NH",33,5,"2010",0,165,0,212,0,377,377
"NH",33,5,"2011",0,151,0,140,0,291,291
"NH",33,5,"2012",0,113,0,171,0,284,284
"NH",33,5,"2013",0,114,0,104,0,218,218
"NH",33,5,"2014",0,63,0,81,0,144,144
"NJ",34,5,"1980",0,20,0,5,0,25,25
"NJ",34,5,"1984",0,16,0,2,0,18,18
"NJ",34,5,"1985",0,8,0,0,0,8,8
"NJ",34,5,"1986",0,404,0,188,0,592,592
"NJ",34,5,"1987",0,357,0,279,0,636,636
"NJ",34,5,"1988",0,398,0,261,0,659,659
"NJ",34,5,"1989",0,466,0,430,0,896,896
"NJ",34,5,"1990",0,574,0,449,0,1023,1023
"NJ",34,5,"1991",0,394,0,495,0,889,889
"NJ",34,5,"1992",0,365,0,528,0,893,893
"NJ",34,5,"1993",0,453,0,511,0,964,964
"NJ",34,5,"1994",0,416,0,446,0,862,862
"NJ",34,5,"1995",0,358,0,504,0,862,862
"NJ",34,5,"1996",0,357,0,335,0,692,692
"NJ",34,5,"1997",0,299,0,301,0,600,600
"NJ",34,5,"1998",0,203,0,258,0,461,461
"NJ",34,5,"1999",0,337,0,306,0,643,643
"NJ",34,5,"2000",0,133,0,325,0,458,458
"NJ",34,5,"2001",0,256,0,335,0,591,591
"NJ",34,5,"2002",0,337,0,312,0,649,649
"NJ",34,5,"2003",0,427,0,396,0,823,823
"NJ",34,5,"2004",0,382,0,429,0,811,811
"NJ",34,5,"2005",0,361,0,452,0,813,813
"NJ",34,5,"2006",0,322,0,422,0,744,744
"NJ",34,5,"2007",0,371,0,492,0,863,863
"NJ",34,5,"2008",0,354,0,506,0,860,860
"NJ",34,5,"2009",0,289,0,539,0,828,828
"NJ",34,5,"2010",0,340,0,545,0,885,885
"NJ",34,5,"2011",0,336,0,522,0,858,858
"NJ",34,5,"2012",0,252,0,542,0,794,794
"NJ",34,5,"2013",0,262,0,490,0,752,752
"NJ",34,5,"2014",0,253,0,520,0,773,773
"NY",36,5,"1980",0,750,0,309,0,1059,1059
"NY",36,5,"1984",0,979,0,200,0,1179,1179
"NY",36,5,"1985",0,926,0,169,0,1095,1095
"NY",36,5,"1986",52,1125,47,307,99,1432,1531
"NY",36,5,"1987",112,1252,88,530,200,1782,1982
"NY",36,5,"1988",52,1746,47,387,99,2133,2232
"NY",36,5,"1989",0,1779,155,413,155,2192,2347
"NY",36,5,"1990",52,2406,0,961,52,3367,3419
"NY",36,5,"1991",0,2502,0,811,0,3313,3313
"NY",36,5,"1992",0,2737,0,812,0,3549,3549
"NY",36,5,"1993",0,3865,0,662,0,4527,4527
"NY",36,5,"1994",0,4004,0,669,0,4673,4673
"NY",36,5,"1995",0,3269,0,634,0,3903,3903
"NY",36,5,"1996",0,3305,0,525,0,3830,3830
"NY",36,5,"1997",0,3206,0,553,0,3759,3759
"NY",36,5,"1998",0,3678,0,516,0,4194,4194
"NY",36,5,"1999",0,3421,0,560,0,3981,3981
"NY",36,5,"2000",0,3119,0,469,0,3588,3588
"NY",36,5,"2001",0,3154,0,481,0,3635,3635
"NY",36,5,"2002",0,3251,0,729,0,3980,3980
"NY",36,5,"2003",0,3193,0,775,0,3968,3968
"NY",36,5,"2004",0,3580,0,905,0,4485,4485
"NY",36,5,"2005",0,3408,0,988,0,4396,4396
"NY",36,5,"2006",0,3389,0,1151,0,4540,4540
"NY",36,5,"2007",0,3392,0,1122,0,4514,4514
"NY",36,5,"2008",0,3745,0,1237,0,4982,4982
"NY",36,5,"2009",0,3956,0,1317,0,5273,5273
"NY",36,5,"2010",0,3971,0,1358,0,5329,5329
"NY",36,5,"2011",0,4276,0,1292,0,5568,5568
"NY",36,5,"2012",0,4102,0,1542,0,5644,5644
"NY",36,5,"2013",0,3753,0,1601,0,5354,5354
"NY",36,5,"2014",0,2886,0,1462,0,4348,4348
"NC",37,5,"1980",0,730,0,15,0,745,745
"NC",37,5,"1984",0,678,0,47,0,725,725
"NC",37,5,"1985",0,730,0,38,0,768,768
"NC",37,5,"1986",0,785,0,58,0,843,843
"NC",37,5,"1987",0,801,0,93,0,894,894
"NC",37,5,"1988",0,825,0,108,0,933,933
"NC",37,5,"1989",0,883,0,96,0,979,979
"NC",37,5,"1990",0,917,0,103,0,1020,1020
"NC",37,5,"1991",0,748,0,98,0,846,846
"NC",37,5,"1992",0,726,0,101,0,827,827
"NC",37,5,"1993",0,659,0,73,0,732,732
"NC",37,5,"1994",0,568,0,77,0,645,645
"NC",37,5,"1995",0,596,0,69,0,665,665
"NC",37,5,"1996",0,543,0,91,0,634,634
"NC",37,5,"1997",0,536,0,40,0,576,576
"NC",37,5,"1998",0,480,0,82,0,562,562
"NC",37,5,"1999",0,479,0,72,0,551,551
"NC",37,5,"2000",0,529,0,65,0,594,594
"NC",37,5,"2001",0,510,0,23,0,533,533
"NC",37,5,"2002",0,478,0,13,0,491,491
"NC",37,5,"2003",0,595,0,7,0,602,602
"NC",37,5,"2004",0,667,0,14,0,681,681
"NC",37,5,"2005",0,830,0,12,0,842,842
"NC",37,5,"2006",0,794,0,10,0,804,804
"NC",37,5,"2007",0,801,0,57,0,858,858
"NC",37,5,"2008",0,707,0,6,0,713,713
"NC",37,5,"2009",0,786,0,3,0,789,789
"NC",37,5,"2010",0,818,0,10,0,828,828
"NC",37,5,"2011",0,829,0,9,0,838,838
"NC",37,5,"2012",0,850,0,11,0,861,861
"NC",37,5,"2013",0,812,0,4,0,816,816
"NC",37,5,"2014",0,830,0,9,0,839,839
"OH",39,5,"1980",0,28,0,19,0,47,47
"OH",39,5,"1984",0,36,0,88,0,124,124
"OH",39,5,"1985",0,39,0,40,0,79,79
"OH",39,5,"1986",0,115,0,139,0,254,254
"OH",39,5,"1987",0,156,0,62,0,218,218
"OH",39,5,"1988",0,124,0,74,0,198,198
"OH",39,5,"1989",0,167,0,64,0,231,231
"OH",39,5,"1990",0,178,0,69,0,247,247
"OH",39,5,"1991",0,320,0,170,0,490,490
"OH",39,5,"1992",0,422,0,95,0,517,517
"OH",39,5,"1993",0,389,0,128,0,517,517
"OH",39,5,"1994",0,1024,0,110,0,1134,1134
"OH",39,5,"1995",0,1273,0,169,0,1442,1442
"OH",39,5,"1996",0,824,0,143,0,967,967
"OH",39,5,"1997",0,797,0,161,0,958,958
"OH",39,5,"1998",0,718,0,156,0,874,874
"OH",39,5,"1999",0,703,0,254,0,957,957
"OH",39,5,"2000",0,701,0,332,0,1033,1033
"OH",39,5,"2001",0,1576,0,312,0,1888,1888
"OH",39,5,"2002",0,1011,0,342,0,1353,1353
"OH",39,5,"2003",0,686,0,323,0,1009,1009
"OH",39,5,"2004",0,1692,0,250,0,1942,1942
"OH",39,5,"2005",0,1440,0,346,0,1786,1786
"OH",39,5,"2006",0,1956,0,338,0,2294,2294
"OH",39,5,"2007",0,1740,0,199,0,1939,1939
"OH",39,5,"2008",0,1586,0,256,0,1842,1842
"OH",39,5,"2009",0,1640,0,171,0,1811,1811
"OH",39,5,"2010",0,1526,0,212,0,1738,1738
"OH",39,5,"2011",0,1501,0,303,0,1804,1804
"OH",39,5,"2012",0,1262,0,291,0,1553,1553
"OH",39,5,"2013",0,1035,0,281,0,1316,1316
"OH",39,5,"2014",0,1044,0,227,0,1271,1271
"OR",41,5,"1980",0,0,0,0,0,0,0
"OR",41,5,"1984",0,0,0,0,0,0,0
"OR",41,5,"1985",0,0,0,0,0,0,0
"OR",41,5,"1986",0,0,0,0,0,0,0
"OR",41,5,"1987",0,0,0,0,0,0,0
"OR",41,5,"1988",0,0,0,0,0,0,0
"OR",41,5,"1989",0,0,0,0,0,0,0
"OR",41,5,"1990",0,0,0,0,0,0,0
"OR",41,5,"1991",0,0,0,0,0,0,0
"OR",41,5,"1992",0,0,0,0,0,0,0
"OR",41,5,"1993",0,0,0,0,0,0,0
"OR",41,5,"1994",0,0,0,0,0,0,0
"OR",41,5,"1995",0,0,0,0,0,0,0
"OR",41,5,"1996",0,0,0,0,0,0,0
"OR",41,5,"1997",0,0,0,0,0,0,0
"OR",41,5,"1998",0,0,0,0,0,0,0
"OR",41,5,"1999",0,0,0,0,0,0,0
"OR",41,5,"2000",0,0,0,0,0,0,0
"OR",41,5,"2001",0,0,0,0,0,0,0
"OR",41,5,"2002",0,0,0,0,0,0,0
"OR",41,5,"2003",0,0,0,0,0,0,0
"OR",41,5,"2004",0,0,0,0,0,0,0
"OR",41,5,"2005",0,0,0,0,0,0,0
"OR",41,5,"2006",0,0,0,0,0,0,0
"OR",41,5,"2007",0,0,0,0,0,0,0
"OR",41,5,"2008",0,0,0,0,0,0,0
"OR",41,5,"2009",0,0,0,0,0,0,0
"OR",41,5,"2010",0,27,0,0,0,27,27
"OR",41,5,"2011",0,177,0,0,0,177,177
"OR",41,5,"2012",0,380,0,0,0,380,380
"OR",41,5,"2013",0,398,0,0,0,398,398
"OR",41,5,"2014",0,325,0,0,0,325,325
"PA",42,5,"1980",0,3114,0,644,0,3758,3758
"PA",42,5,"1984",0,3175,0,845,0,4020,4020
"PA",42,5,"1985",0,3261,0,762,0,4023,4023
"PA",42,5,"1986",0,4736,0,1236,0,5972,5972
"PA",42,5,"1987",0,4786,0,1081,0,5867,5867
"PA",42,5,"1988",0,5035,0,1242,0,6277,6277
"PA",42,5,"1989",0,3710,0,1084,0,4794,4794
"PA",42,5,"1990",0,5199,0,1090,0,6289,6289
"PA",42,5,"1991",0,5118,0,1179,0,6297,6297
"PA",42,5,"1992",0,5213,0,1228,0,6441,6441
"PA",42,5,"1993",215,5373,0,1431,215,6804,7019
"PA",42,5,"1994",196,4646,5,1392,201,6038,6239
"PA",42,5,"1995",4,4600,31,1272,35,5872,5907
"PA",42,5,"1996",0,4220,6,1349,6,5569,5575
"PA",42,5,"1997",2,4314,9,1488,11,5802,5813
"PA",42,5,"1998",0,4433,0,1341,0,5774,5774
"PA",42,5,"1999",0,3838,0,1326,0,5164,5164
"PA",42,5,"2000",0,3767,0,1215,0,4982,4982
"PA",42,5,"2001",0,5308,0,1574,0,6882,6882
"PA",42,5,"2002",0,5623,0,1627,0,7250,7250
"PA",42,5,"2003",0,5801,0,1726,0,7527,7527
"PA",42,5,"2004",0,5823,0,1691,0,7514,7514
"PA",42,5,"2005",0,6101,0,1799,0,7900,7900
"PA",42,5,"2006",0,6449,0,2030,0,8479,8479
"PA",42,5,"2007",0,6976,0,2185,0,9161,9161
"PA",42,5,"2008",0,7473,0,2338,0,9811,9811
"PA",42,5,"2009",0,7923,0,2150,0,10073,10073
"PA",42,5,"2010",0,8135,0,2351,0,10486,10486
"PA",42,5,"2011",0,7736,0,2372,0,10108,10108
"PA",42,5,"2012",0,8425,0,2577,0,11002,11002
"PA",42,5,"2013",0,8522,0,2672,0,11194,11194
"PA",42,5,"2014",0,8116,0,2313,0,10429,10429
"RI",44,5,"1980",0,0,0,0,0,0,0
"RI",44,5,"1984",0,0,0,0,0,0,0
"RI",44,5,"1985",0,0,0,0,0,0,0
"RI",44,5,"1986",0,62,0,1,0,63,63
"RI",44,5,"1987",0,14,0,0,0,14,14
"RI",44,5,"1988",0,52,0,0,0,52,52
"RI",44,5,"1989",0,61,0,0,0,61,61
"RI",44,5,"1990",0,92,0,0,0,92,92
"RI",44,5,"1991",0,89,0,4,0,93,93
"RI",44,5,"1992",0,102,0,0,0,102,102
"RI",44,5,"1993",0,126,0,0,0,126,126
"RI",44,5,"1994",0,112,0,0,0,112,112
"RI",44,5,"1995",0,107,0,0,0,107,107
"RI",44,5,"1996",0,92,0,0,0,92,92
"RI",44,5,"1997",0,74,0,0,0,74,74
"RI",44,5,"1998",0,74,0,0,0,74,74
"RI",44,5,"1999",0,57,0,7,0,64,64
"RI",44,5,"2000",0,64,0,0,0,64,64
"RI",44,5,"2001",0,55,0,0,0,55,55
"RI",44,5,"2002",0,39,0,0,0,39,39
"RI",44,5,"2003",0,95,0,0,0,95,95
"RI",44,5,"2004",0,113,0,0,0,113,113
"RI",44,5,"2005",0,143,0,0,0,143,143
"RI",44,5,"2006",0,76,0,0,0,76,76
"RI",44,5,"2007",0,138,0,0,0,138,138
"RI",44,5,"2008",0,78,0,0,0,78,78
"RI",44,5,"2009",0,143,0,0,0,143,143
"RI",44,5,"2010",0,167,0,0,0,167,167
"RI",44,5,"2011",0,188,0,0,0,188,188
"RI",44,5,"2012",0,192,0,0,0,192,192
"RI",44,5,"2013",0,193,0,0,0,193,193
"RI",44,5,"2014",0,199,0,0,0,199,199
"SC",45,5,"1980",0,833,0,212,0,1045,1045
"SC",45,5,"1984",0,776,0,229,0,1005,1005
"SC",45,5,"1985",0,741,0,219,0,960,960
"SC",45,5,"1986",0,732,0,235,0,967,967
"SC",45,5,"1987",0,734,0,236,0,970,970
"SC",45,5,"1988",0,767,0,209,0,976,976
"SC",45,5,"1989",0,767,0,209,0,976,976
"SC",45,5,"1990",0,714,0,218,0,932,932
"SC",45,5,"1991",0,742,0,206,0,948,948
"SC",45,5,"1992",0,739,0,219,0,958,958
"SC",45,5,"1993",0,713,0,201,0,914,914
"SC",45,5,"1994",0,715,0,163,0,878,878
"SC",45,5,"1995",0,713,0,91,0,804,804
"SC",45,5,"1996",0,654,0,111,0,765,765
"SC",45,5,"1997",0,635,0,64,0,699,699
"SC",45,5,"1998",0,537,0,58,0,595,595
"SC",45,5,"1999",0,463,0,40,0,503,503
"SC",45,5,"2000",0,517,0,66,0,583,583
"SC",45,5,"2001",0,580,0,55,0,635,635
"SC",45,5,"2002",0,583,0,47,0,630,630
"SC",45,5,"2003",0,694,0,43,0,737,737
"SC",45,5,"2004",0,722,0,65,0,787,787
"SC",45,5,"2005",0,691,0,54,0,745,745
"SC",45,5,"2006",0,748,0,31,0,779,779
"SC",45,5,"2007",0,756,0,41,0,797,797
"SC",45,5,"2008",0,716,0,34,0,750,750
"SC",45,5,"2009",0,775,0,33,0,808,808
"SC",45,5,"2010",0,761,0,29,0,790,790
"SC",45,5,"2011",0,782,0,21,0,803,803
"SC",45,5,"2012",0,785,0,26,0,811,811
"SC",45,5,"2013",0,798,0,20,0,818,818
"SC",45,5,"2014",0,776,0,17,0,793,793
"SD",46,5,"1980",0,56,0,307,0,363,363
"SD",46,5,"1984",0,133,0,165,0,298,298
"SD",46,5,"1985",0,205,0,157,0,362,362
"SD",46,5,"1986",0,94,0,137,0,231,231
"SD",46,5,"1987",0,100,0,169,0,269,269
"SD",46,5,"1988",0,89,0,172,0,261,261
"SD",46,5,"1989",0,78,0,146,0,224,224
"SD",46,5,"1990",0,68,0,203,0,271,271
"SD",46,5,"1991",0,68,0,209,0,277,277
"SD",46,5,"1992",0,92,0,115,0,207,207
"SD",46,5,"1993",0,98,0,138,0,236,236
"SD",46,5,"1994",0,110,0,101,0,211,211
"SD",46,5,"1995",0,95,0,131,0,226,226
"SD",46,5,"1996",0,79,0,139,0,218,218
"SD",46,5,"1997",0,85,0,158,0,243,243
"SD",46,5,"1998",0,87,0,146,0,233,233
"SD",46,5,"1999",0,99,0,165,0,264,264
"SD",46,5,"2000",0,91,0,175,0,266,266
"SD",46,5,"2001",0,139,0,213,0,352,352
"SD",46,5,"2002",0,167,0,240,0,407,407
"SD",46,5,"2003",0,198,0,311,0,509,509
"SD",46,5,"2004",0,221,0,352,0,573,573
"SD",46,5,"2005",0,174,0,430,0,604,604
"SD",46,5,"2006",0,156,0,385,0,541,541
"SD",46,5,"2007",0,144,0,320,0,464,464
"SD",46,5,"2008",0,108,0,281,0,389,389
"SD",46,5,"2009",0,126,0,272,0,398,398
"SD",46,5,"2010",0,132,0,320,0,452,452
"SD",46,5,"2011",0,104,0,297,0,401,401
"SD",46,5,"2012",0,101,0,257,0,358,358
"SD",46,5,"2013",0,96,0,219,0,315,315
"SD",46,5,"2014",0,92,0,194,0,286,286
"TN",47,5,"1980",0,58,0,7,0,65,65
"TN",47,5,"1984",0,31,0,3,0,34,34
"TN",47,5,"1985",0,48,0,2,0,50,50
"TN",47,5,"1986",0,179,0,30,0,209,209
"TN",47,5,"1987",0,40,0,0,0,40,40
"TN",47,5,"1988",0,42,0,0,0,42,42
"TN",47,5,"1989",0,43,0,0,0,43,43
"TN",47,5,"1990",0,35,0,12,0,47,47
"TN",47,5,"1991",0,204,0,2,0,206,206
"TN",47,5,"1992",0,135,0,153,0,288,288
"TN",47,5,"1993",0,235,0,42,0,277,277
"TN",47,5,"1994",0,245,0,36,0,281,281
"TN",47,5,"1995",0,205,0,57,0,262,262
"TN",47,5,"1996",0,223,0,39,0,262,262
"TN",47,5,"1997",0,199,0,46,0,245,245
"TN",47,5,"1998",0,214,0,42,0,256,256
"TN",47,5,"1999",0,197,0,42,0,239,239
"TN",47,5,"2000",0,182,0,18,0,200,200
"TN",47,5,"2001",0,72,0,111,0,183,183
"TN",47,5,"2002",0,110,0,129,0,239,239
"TN",47,5,"2003",0,116,0,125,0,241,241
"TN",47,5,"2004",0,287,0,117,0,404,404
"TN",47,5,"2005",0,388,0,110,0,498,498
"TN",47,5,"2006",0,567,0,143,0,710,710
"TN",47,5,"2007",0,534,0,173,0,707,707
"TN",47,5,"2008",0,505,0,181,0,686,686
"TN",47,5,"2009",0,581,0,172,0,753,753
"TN",47,5,"2010",0,581,0,144,0,725,725
"TN",47,5,"2011",0,505,0,198,0,703,703
"TN",47,5,"2012",0,471,0,217,0,688,688
"TN",47,5,"2013",0,456,0,183,0,639,639
"TN",47,5,"2014",0,528,0,230,0,758,758
"TX",48,5,"1980",0,199,0,48,0,247,247
"TX",48,5,"1984",0,194,0,46,0,240,240
"TX",48,5,"1985",0,181,0,23,0,204,204
"TX",48,5,"1986",0,304,0,35,0,339,339
"TX",48,5,"1987",0,346,0,34,0,380,380
"TX",48,5,"1988",0,390,0,20,0,410,410
"TX",48,5,"1989",0,321,0,24,0,345,345
"TX",48,5,"1990",0,552,0,33,0,585,585
"TX",48,5,"1991",0,914,0,38,0,952,952
"TX",48,5,"1992",0,1356,0,137,0,1493,1493
"TX",48,5,"1993",0,1667,0,89,0,1756,1756
"TX",48,5,"1994",0,1599,0,56,0,1655,1655
"TX",48,5,"1995",0,1646,0,59,0,1705,1705
"TX",48,5,"1996",0,1479,0,97,0,1576,1576
"TX",48,5,"1997",0,1235,0,99,0,1334,1334
"TX",48,5,"1998",0,1478,0,115,0,1593,1593
"TX",48,5,"1999",0,1655,0,97,0,1752,1752
"TX",48,5,"2000",0,1350,0,100,0,1450,1450
"TX",48,5,"2001",0,1976,0,65,0,2041,2041
"TX",48,5,"2002",0,1805,0,69,0,1874,1874
"TX",48,5,"2003",0,2244,0,95,0,2339,2339
"TX",48,5,"2004",0,3608,0,85,0,3693,3693
"TX",48,5,"2005",0,3158,0,92,0,3250,3250
"TX",48,5,"2006",0,3268,0,89,0,3357,3357
"TX",48,5,"2007",0,2967,0,75,0,3042,3042
"TX",48,5,"2008",0,2975,0,80,0,3055,3055
"TX",48,5,"2009",0,3667,0,133,0,3800,3800
"TX",48,5,"2010",0,4533,0,163,0,4696,4696
"TX",48,5,"2011",0,3930,0,236,0,4166,4166
"TX",48,5,"2012",0,3306,0,303,0,3609,3609
"TX",48,5,"2013",0,2462,0,362,0,2824,2824
"TX",48,5,"2014",0,2577,0,337,0,2914,2914
"UT",49,5,"1980",0,0,0,0,0,0,0
"UT",49,5,"1984",0,791,0,357,0,1148,1148
"UT",49,5,"1985",0,562,0,238,0,800,800
"UT",49,5,"1986",0,561,0,236,0,797,797
"UT",49,5,"1987",0,561,0,236,0,797,797
"UT",49,5,"1988",0,561,0,236,0,797,797
"UT",49,5,"1989",0,552,0,211,0,763,763
"UT",49,5,"1990",0,552,0,148,0,700,700
"UT",49,5,"1991",0,598,0,129,0,727,727
"UT",49,5,"1992",0,611,0,182,0,793,793
"UT",49,5,"1993",0,616,0,186,0,802,802
"UT",49,5,"1994",0,599,0,197,0,796,796
"UT",49,5,"1995",0,642,0,188,0,830,830
"UT",49,5,"1996",0,602,0,199,0,801,801
"UT",49,5,"1997",0,662,0,162,0,824,824
"UT",49,5,"1998",0,642,0,220,0,862,862
"UT",49,5,"1999",0,586,0,204,0,790,790
"UT",49,5,"2000",0,586,0,238,0,824,824
"UT",49,5,"2001",0,788,0,237,0,1025,1025
"UT",49,5,"2002",0,857,0,267,0,1124,1124
"UT",49,5,"2003",0,960,0,298,0,1258,1258
"UT",49,5,"2004",0,952,0,296,0,1248,1248
"UT",49,5,"2005",0,957,0,278,0,1235,1235
"UT",49,5,"2006",0,1015,0,302,0,1317,1317
"UT",49,5,"2007",0,978,0,338,0,1316,1316
"UT",49,5,"2008",0,1023,0,354,0,1377,1377
"UT",49,5,"2009",0,1218,0,371,0,1589,1589
"UT",49,5,"2010",0,1301,0,508,0,1809,1809
"UT",49,5,"2011",0,1443,0,544,0,1987,1987
"UT",49,5,"2012",0,1589,0,602,0,2191,2191
"UT",49,5,"2013",0,1409,0,627,0,2036,2036
"UT",49,5,"2014",0,1331,0,675,0,2006,2006
"VA",51,5,"1980",0,0,0,0,0,0,0
"VA",51,5,"1984",0,0,0,0,0,0,0
"VA",51,5,"1985",0,0,0,0,0,0,0
"VA",51,5,"1986",0,198,0,14,0,212,212
"VA",51,5,"1987",0,208,0,20,0,228,228
"VA",51,5,"1988",0,197,0,14,0,211,211
"VA",51,5,"1989",0,163,0,31,0,194,194
"VA",51,5,"1990",0,364,0,31,0,395,395
"VA",51,5,"1991",0,411,0,21,0,432,432
"VA",51,5,"1992",0,465,0,29,0,494,494
"VA",51,5,"1993",0,485,0,19,0,504,504
"VA",51,5,"1994",0,457,0,19,0,476,476
"VA",51,5,"1995",0,419,0,6,0,425,425
"VA",51,5,"1996",0,360,0,0,0,360,360
"VA",51,5,"1997",0,312,0,0,0,312,312
"VA",51,5,"1998",0,291,0,26,0,317,317
"VA",51,5,"1999",0,272,0,46,0,318,318
"VA",51,5,"2000",0,286,0,35,0,321,321
"VA",51,5,"2001",0,302,0,36,0,338,338
"VA",51,5,"2002",0,264,0,40,0,304,304
"VA",51,5,"2003",0,268,0,44,0,312,312
"VA",51,5,"2004",0,283,0,41,0,324,324
"VA",51,5,"2005",0,304,0,42,0,346,346
"VA",51,5,"2006",0,322,0,33,0,355,355
"VA",51,5,"2007",0,415,0,46,0,461,461
"VA",51,5,"2008",0,412,0,53,0,465,465
"VA",51,5,"2009",0,444,0,59,0,503,503
"VA",51,5,"2010",0,493,0,74,0,567,567
"VA",51,5,"2011",0,483,0,43,0,526,526
"VA",51,5,"2012",0,451,0,77,0,528,528
"VA",51,5,"2013",0,353,0,124,0,477,477
"VA",51,5,"2014",0,300,0,146,0,446,446
"WA",53,5,"1980",0,0,0,0,0,0,0
"WA",53,5,"1984",0,0,0,0,0,0,0
"WA",53,5,"1985",0,0,0,0,0,0,0
"WA",53,5,"1986",0,0,0,0,0,0,0
"WA",53,5,"1987",0,371,0,0,0,371,371
"WA",53,5,"1988",0,375,0,0,0,375,375
"WA",53,5,"1989",0,371,0,0,0,371,371
"WA",53,5,"1990",0,353,0,0,0,353,353
"WA",53,5,"1991",0,340,0,0,0,340,340
"WA",53,5,"1992",0,355,0,0,0,355,355
"WA",53,5,"1993",0,379,0,0,0,379,379
"WA",53,5,"1994",0,393,0,0,0,393,393
"WA",53,5,"1995",0,383,0,0,0,383,383
"WA",53,5,"1996",0,360,0,0,0,360,360
"WA",53,5,"1997",0,351,0,0,0,351,351
"WA",53,5,"1998",0,382,0,0,0,382,382
"WA",53,5,"1999",0,434,0,0,0,434,434
"WA",53,5,"2000",0,446,0,0,0,446,446
"WA",53,5,"2001",0,519,0,0,0,519,519
"WA",53,5,"2002",0,470,0,0,0,470,470
"WA",53,5,"2003",0,417,0,0,0,417,417
"WA",53,5,"2004",0,366,0,0,0,366,366
"WA",53,5,"2005",0,364,0,0,0,364,364
"WA",53,5,"2006",0,402,0,0,0,402,402
"WA",53,5,"2007",0,447,0,0,0,447,447
"WA",53,5,"2008",0,457,0,0,0,457,457
"WA",53,5,"2009",0,493,0,0,0,493,493
"WA",53,5,"2010",0,648,0,0,0,648,648
"WA",53,5,"2011",0,743,0,0,0,743,743
"WA",53,5,"2012",0,786,0,0,0,786,786
"WA",53,5,"2013",0,829,0,0,0,829,829
"WA",53,5,"2014",0,857,0,0,0,857,857
"WI",55,5,"1980",0,0,0,0,0,0,0
"WI",55,5,"1984",0,0,0,0,0,0,0
"WI",55,5,"1985",0,0,0,0,0,0,0
"WI",55,5,"1986",0,0,0,0,0,0,0
"WI",55,5,"1987",0,0,0,0,0,0,0
"WI",55,5,"1988",0,0,0,0,0,0,0
"WI",55,5,"1989",0,0,0,0,0,0,0
"WI",55,5,"1990",0,0,0,0,0,0,0
"WI",55,5,"1991",0,0,0,0,0,0,0
"WI",55,5,"1992",0,0,0,0,0,0,0
"WI",55,5,"1993",0,0,0,0,0,0,0
"WI",55,5,"1994",0,0,0,0,0,0,0
"WI",55,5,"1995",0,0,0,0,0,0,0
"WI",55,5,"1996",0,0,0,0,0,0,0
"WI",55,5,"1997",0,0,0,0,0,0,0
"WI",55,5,"1998",0,0,0,0,0,0,0
"WI",55,5,"1999",0,0,0,0,0,0,0
"WI",55,5,"2000",0,0,0,0,0,0,0
"WI",55,5,"2001",0,0,0,0,0,0,0
"WI",55,5,"2002",0,0,0,0,0,0,0
"WI",55,5,"2003",0,0,0,0,0,0,0
"WI",55,5,"2004",0,0,0,0,0,0,0
"WI",55,5,"2005",0,0,0,0,0,0,0
"WI",55,5,"2006",0,0,0,0,0,0,0
"WI",55,5,"2007",0,0,0,0,0,0,0
"WI",55,5,"2008",0,0,0,0,0,0,0
"WI",55,5,"2009",0,0,0,0,0,0,0
"WI",55,5,"2010",0,0,0,0,0,0,0
"WI",55,5,"2011",0,0,0,0,0,0,0
"WI",55,5,"2012",0,0,0,0,0,0,0
"WI",55,5,"2013",0,59,0,0,0,59,59
"WI",55,5,"2014",0,53,0,0,0,53,53
"PR",72,5,"1980",0,0,0,0,0,0,0
"PR",72,5,"1984",0,0,0,0,0,0,0
"PR",72,5,"1985",0,0,0,0,0,0,0
"PR",72,5,"1986",0,0,0,0,0,0,0
"PR",72,5,"1987",0,0,0,0,0,0,0
"PR",72,5,"1988",0,0,0,0,0,0,0
"PR",72,5,"1989",0,0,0,0,0,0,0
"PR",72,5,"1990",0,0,0,0,0,0,0
"PR",72,5,"1991",0,0,0,0,0,0,0
"PR",72,5,"1992",0,0,0,0,0,0,0
"PR",72,5,"1993",0,0,0,0,0,0,0
"PR",72,5,"1994",0,0,0,0,0,0,0
"PR",72,5,"1995",0,0,0,0,0,0,0
"PR",72,5,"1996",0,0,0,0,0,0,0
"PR",72,5,"1997",0,0,0,0,0,0,0
"PR",72,5,"1998",0,238,0,1,0,239,239
"PR",72,5,"1999",0,250,0,3,0,253,253
"PR",72,5,"2000",0,634,0,0,0,634,634
"PR",72,5,"2001",0,275,0,12,0,287,287
"PR",72,5,"2002",0,616,0,22,0,638,638
"PR",72,5,"2003",0,1046,0,21,0,1067,1067
"PR",72,5,"2004",0,944,0,20,0,964,964
"PR",72,5,"2005",0,471,0,20,0,491,491
"PR",72,5,"2006",0,1342,0,12,0,1354,1354
"PR",72,5,"2007",0,1279,0,6,0,1285,1285
"PR",72,5,"2008",0,1703,0,7,0,1710,1710
"PR",72,5,"2009",0,1560,0,15,0,1575,1575
"PR",72,5,"2010",0,1675,0,25,0,1700,1700
"PR",72,5,"2011",0,1043,0,7,0,1050,1050
"PR",72,5,"2012",0,830,0,5,0,835,835
"PR",72,5,"2013",0,732,0,6,0,738,738
"PR",72,5,"2014",0,701,0,23,0,724,724
